
TIME STEP:
125 = 50us

VOLTAGE STEP:
CH1:  32 = 0.15V
CH2:  32 = 5V
GND	75	128
N	CH1	CH2

0	95	130
1	93	129
2	91	129
3	89	130
4	88	130
5	87	130
6	86	130
7	85	130
8	85	130
9	84	130
10	84	130
11	83	130
12	83	130
13	83	130
14	83	130
15	82	130
16	82	130
17	82	130
18	82	129
19	82	130
20	82	129
21	82	130
22	82	130
23	82	130
24	81	130
25	81	130
26	81	130
27	81	130
28	81	130
29	81	130
30	81	130
31	81	130
32	81	130
33	81	130
34	81	130
35	81	130
36	81	130
37	81	130
38	81	130
39	81	130
40	81	130
41	81	130
42	81	129
43	81	130
44	81	130
45	81	130
46	81	130
47	81	130
48	81	130
49	81	130
50	81	130
51	81	130
52	80	130
53	81	130
54	81	130
55	81	130
56	81	130
57	81	129
58	81	129
59	81	130
60	80	130
61	81	129
62	81	130
63	80	130
64	80	129
65	81	130
66	80	130
67	80	130
68	81	130
69	81	130
70	80	130
71	80	130
72	81	129
73	80	130
74	80	130
75	81	130
76	80	129
77	81	130
78	81	130
79	80	130
80	81	130
81	80	130
82	80	130
83	81	130
84	81	129
85	81	130
86	80	129
87	80	130
88	81	129
89	81	130
90	80	130
91	81	129
92	81	130
93	80	130
94	81	130
95	81	130
96	81	130
97	80	130
98	80	130
99	81	130
100	81	130
101	81	130
102	81	130
103	81	130
104	81	130
105	81	130
106	81	130
107	80	130
108	80	130
109	81	130
110	81	129
111	80	130
112	81	130
113	81	130
114	81	130
115	81	130
116	80	130
117	81	130
118	81	130
119	80	130
120	80	129
121	80	130
122	81	130
123	81	129
124	81	130
125	81	130
126	81	130
127	80	130
128	81	129
129	80	130
130	81	129
131	81	130
132	80	130
133	80	130
134	81	130
135	80	130
136	81	130
137	80	130
138	80	130
139	81	130
140	81	130
141	80	130
142	81	130
143	81	130
144	80	130
145	80	130
146	81	130
147	80	130
148	81	130
149	81	130
150	81	130
151	81	130
152	81	130
153	81	130
154	81	130
155	81	130
156	81	130
157	81	130
158	81	130
159	81	130
160	81	130
161	81	130
162	81	130
163	81	129
164	81	129
165	81	130
166	80	130
167	81	130
168	80	130
169	81	130
170	81	130
171	81	130
172	80	130
173	81	130
174	80	130
175	81	130
176	80	130
177	81	129
178	80	130
179	81	130
180	80	130
181	81	130
182	81	129
183	81	130
184	81	130
185	81	130
186	81	130
187	81	130
188	81	130
189	80	130
190	81	130
191	81	130
192	81	130
193	81	130
194	81	129
195	81	130
196	81	129
197	81	130
198	81	129
199	81	129
200	81	130
201	81	130
202	81	129
203	81	130
204	80	130
205	80	130
206	80	129
207	81	130
208	81	130
209	81	130
210	81	130
211	81	130
212	81	130
213	81	130
214	81	130
215	81	130
216	80	130
217	80	130
218	81	129
219	81	130
220	80	130
221	80	130
222	81	129
223	81	130
224	80	130
225	81	130
226	81	130
227	81	130
228	80	129
229	80	130
230	80	130
231	81	130
232	80	130
233	81	130
234	80	130
235	81	130
236	80	130
237	81	129
238	79	130
239	80	130
240	81	130
241	80	129
242	80	130
243	81	130
244	80	129
245	80	130
246	80	130
247	81	130
248	80	130
249	80	129
250	80	130
251	80	130
252	80	129
253	80	129
254	81	130
255	81	130
256	81	129
257	82	130
258	82	130
259	82	129
260	82	130
261	82	130
262	82	130
263	81	130
264	82	130
265	81	130
266	82	130
267	81	130
268	81	130
269	81	130
270	82	129
271	81	130
272	81	130
273	81	130
274	81	129
275	81	130
276	81	129
277	81	130
278	81	130
279	81	130
280	80	130
281	80	130
282	81	130
283	80	130
284	80	130
285	80	130
286	80	130
287	80	130
288	80	129
289	80	130
290	80	129
291	80	130
292	80	130
293	80	129
294	80	130
295	80	130
296	80	130
297	80	130
298	80	130
299	80	130
300	80	129
301	80	130
302	80	130
303	80	130
304	80	130
305	80	130
306	80	130
307	80	130
308	81	129
309	80	130
310	81	130
311	81	130
312	81	130
313	81	130
314	81	130
315	81	130
316	81	129
317	81	130
318	81	130
319	81	130
320	81	130
321	81	130
322	81	130
323	81	130
324	81	130
325	81	130
326	81	129
327	80	129
328	81	130
329	81	130
330	81	130
331	81	130
332	81	130
333	81	130
334	81	130
335	81	130
336	81	130
337	81	130
338	81	130
339	81	130
340	81	130
341	80	130
342	80	130
343	81	129
344	80	130
345	80	130
346	81	130
347	80	130
348	81	130
349	81	130
350	81	130
351	81	130
352	80	130
353	81	130
354	81	130
355	81	129
356	80	130
357	81	130
358	80	130
359	81	130
360	81	130
361	80	130
362	80	130
363	81	130
364	80	130
365	81	130
366	81	130
367	81	130
368	81	130
369	81	130
370	81	129
371	81	129
372	83	130
373	86	130
374	93	130
375	177	130
376	255	130
377	255	130
378	255	130
379	255	130
380	206	130
381	216	129
382	158	130
383	147	130
384	145	130
385	118	130
386	125	130
387	119	129
388	110	129
389	113	130
390	111	130
391	107	129
392	109	129
393	110	130
394	111	130
395	114	130
396	117	130
397	121	130
398	127	130
399	133	130
400	140	130
401	149	130
402	158	129
403	168	130
404	176	130
405	182	130
406	185	129
407	184	130
408	180	130
409	175	130
410	170	130
411	165	130
412	160	130
413	155	130
414	151	130
415	148	130
416	146	130
417	145	130
418	144	130
419	144	130
420	144	130
421	145	130
422	145	130
423	146	130
424	146	130
425	147	130
426	149	129
427	149	129
428	151	130
429	151	130
430	151	130
431	151	129
432	151	130
433	150	130
434	149	130
435	148	129
436	146	130
437	145	130
438	145	130
439	145	130
440	145	130
441	146	130
442	146	130
443	146	130
444	147	130
445	147	130
446	148	130
447	148	130
448	148	130
449	149	130
450	150	130
451	151	130
452	152	129
453	153	130
454	155	130
455	156	129
456	157	130
457	159	130
458	159	130
459	162	130
460	163	130
461	163	130
462	164	130
463	164	130
464	164	130
465	165	130
466	165	130
467	166	130
468	167	129
469	168	130
470	168	130
471	169	130
472	169	130
473	169	130
474	169	130
475	169	130
476	169	129
477	169	130
478	168	130
479	167	130
480	166	130
481	165	130
482	162	130
483	160	129
484	158	130
485	156	130
486	154	130
487	151	130
488	150	130
489	148	130
490	146	130
491	145	130
492	144	130
493	143	130
494	142	130
495	141	130
496	141	130
497	141	130
498	141	130
499	141	130
500	141	129
501	141	130
502	142	130
503	142	130
504	143	130
505	144	130
506	145	130
507	145	130
508	145	130
509	147	130
510	147	130
511	147	130
512	147	130
513	147	129
514	148	130
515	148	130
516	148	130
517	147	130
518	147	130
519	147	130
520	147	130
521	146	130
522	146	130
523	145	130
524	145	130
525	145	130
526	145	130
527	144	130
528	144	130
529	144	130
530	144	130
531	143	130
532	144	130
533	144	130
534	145	129
535	145	130
536	146	130
537	147	130
538	149	130
539	150	130
540	152	130
541	154	130
542	157	130
543	159	130
544	163	129
545	165	130
546	169	130
547	171	130
548	174	130
549	175	130
550	175	130
551	174	130
552	170	129
553	165	129
554	159	130
555	153	130
556	148	130
557	144	130
558	141	130
559	138	130
560	136	130
561	134	130
562	134	130
563	134	130
564	134	130
565	135	130
566	136	130
567	138	130
568	139	130
569	141	130
570	142	130
571	143	130
572	144	130
573	144	130
574	145	130
575	145	130
576	146	130
577	147	130
578	148	130
579	148	130
580	149	130
581	149	130
582	150	130
583	151	130
584	151	130
585	152	130
586	154	130
587	155	130
588	156	130
589	156	130
590	156	130
591	155	130
592	154	130
593	153	130
594	152	130
595	151	130
596	151	130
597	151	130
598	153	130
599	154	130
600	155	129
601	157	130
602	158	130
603	159	130
604	160	130
605	160	130
606	160	130
607	159	130
608	159	130
609	158	130
610	158	130
611	157	130
612	157	129
613	156	130
614	155	130
615	155	130
616	154	130
617	154	130
618	153	130
619	153	129
620	153	130
621	151	130
622	151	130
623	151	130
624	150	130
625	150	130
626	150	130
627	150	130
628	150	130
629	149	130
630	149	130
631	149	129
632	150	130
633	150	130
634	150	130
635	151	130
636	151	130
637	152	130
638	153	130
639	153	130
640	154	130
641	154	130
642	153	130
643	153	130
644	153	130
645	152	130
646	151	130
647	151	130
648	150	130
649	150	130
650	150	130
651	150	130
652	150	130
653	150	130
654	150	130
655	150	130
656	150	130
657	150	130
658	150	130
659	150	130
660	151	130
661	151	130
662	152	130
663	153	130
664	153	130
665	154	129
666	154	129
667	154	130
668	154	130
669	153	130
670	153	129
671	152	130
672	151	129
673	151	130
674	150	130
675	149	130
676	150	130
677	149	130
678	149	130
679	149	129
680	150	130
681	150	130
682	151	130
683	151	130
684	152	130
685	152	130
686	153	130
687	152	130
688	152	130
689	152	130
690	151	130
691	152	130
692	151	130
693	151	130
694	151	130
695	150	129
696	150	130
697	150	130
698	150	130
699	150	130
700	150	130
701	151	130
702	151	130
703	151	130
704	151	130
705	152	129
706	152	130
707	153	130
708	153	130
709	154	130
710	154	130
711	154	130
712	155	130
713	155	130
714	155	130
715	154	130
716	155	130
717	154	130
718	153	130
719	153	130
720	152	130
721	151	130
722	150	130
723	149	130
724	149	130
725	148	130
726	148	130
727	148	130
728	147	130
729	147	130
730	147	130
731	147	130
732	148	130
733	148	130
734	148	130
735	148	130
736	149	130
737	149	130
738	150	130
739	151	130
740	152	130
741	152	130
742	153	130
743	154	130
744	154	130
745	154	130
746	155	130
747	155	130
748	155	130
749	155	129
750	154	130
751	154	130
752	154	130
753	153	130
754	153	130
755	152	130
756	152	130
757	151	130
758	151	130
759	151	130
760	150	130
761	149	130
762	149	130
763	149	130
764	149	130
765	148	130
766	148	130
767	148	130
768	148	130
769	148	130
770	148	130
771	148	130
772	149	130
773	148	130
774	149	130
775	149	130
776	149	130
777	150	130
778	150	129
779	150	129
780	151	130
781	150	129
782	151	130
783	150	130
784	150	130
785	149	130
786	149	130
787	149	130
788	149	130
789	148	130
790	148	130
791	148	130
792	148	130
793	148	130
794	148	129
795	148	130
796	148	130
797	148	130
798	147	130
799	147	130
800	147	130
801	147	130
802	147	130
803	147	130
804	147	130
805	147	130
806	147	130
807	148	130
808	148	130
809	148	130
810	149	130
811	149	129
812	149	130
813	150	130
814	150	130
815	151	130
816	151	130
817	151	130
818	151	129
819	152	129
820	152	130
821	152	130
822	152	130
823	152	130
824	152	130
825	152	129
826	152	130
827	151	129
828	151	130
829	151	130
830	151	130
831	151	130
832	150	129
833	150	130
834	149	129
835	149	130
836	149	130
837	149	130
838	148	129
839	148	130
840	148	130
841	149	130
842	149	130
843	149	130
844	149	130
845	150	130
846	150	130
847	150	129
848	150	130
849	150	130
850	151	130
851	150	130
852	151	130
853	150	130
854	150	130
855	150	130
856	149	130
857	149	130
858	149	130
859	149	130
860	149	130
861	149	130
862	149	130
863	148	130
864	148	130
865	148	130
866	148	130
867	149	130
868	149	130
869	149	130
870	149	130
871	150	129
872	150	130
873	150	130
874	151	130
875	151	130
876	152	130
877	152	130
878	153	130
879	153	130
880	153	130
881	154	130
882	154	130
883	154	130
884	154	130
885	155	130
886	155	130
887	155	129
888	155	130
889	155	130
890	156	130
891	155	130
892	156	130
893	156	130
894	156	130
895	157	130
896	157	130
897	157	130
898	157	130
899	157	130
900	157	130
901	156	130
902	156	130
903	156	130
904	155	130
905	155	130
906	156	130
907	156	130
908	155	130
909	156	130
910	156	130
911	156	130
912	156	130
913	157	130
914	157	130
915	157	130
916	157	130
917	157	130
918	157	130
919	157	130
920	156	130
921	157	130
922	157	130
923	156	130
924	156	130
925	155	130
926	155	130
927	155	130
928	155	130
929	154	130
930	154	130
931	154	130
932	154	130
933	153	130
934	153	130
935	153	129
936	153	129
937	153	130
938	154	130
939	153	129
940	153	130
941	154	130
942	153	130
943	154	130
944	154	130
945	154	130
946	154	130
947	155	130
948	155	130
949	155	130
950	155	129
951	155	130
952	155	130
953	155	130
954	155	130
955	155	130
956	155	130
957	155	130
958	155	130
959	155	130
960	155	130
961	155	130
962	154	130
963	154	129
964	154	130
965	154	130
966	154	130
967	154	130
968	154	130
969	154	130
970	154	130
971	154	130
972	154	129
973	154	130
974	155	130
975	155	130
976	156	130
977	156	130
978	156	130
979	156	130
980	156	130
981	157	130
982	157	130
983	157	130
984	157	130
985	157	130
986	157	129
987	157	129
988	156	130
989	156	130
990	156	130
991	156	130
992	155	130
993	155	129
994	155	130
995	155	130
996	155	130
997	154	130
998	154	129
999	154	130
1000	154	130
1001	154	129
1002	154	130
1003	154	130
1004	154	130
1005	154	130
1006	154	130
1007	154	130
1008	154	130
1009	154	130
1010	154	130
1011	154	130
1012	154	130
1013	155	130
1014	155	130
1015	155	130
1016	155	130
1017	155	130
1018	156	130
1019	156	130
1020	156	130
1021	156	130
1022	157	129
1023	156	129
1024	157	130
1025	158	130
1026	156	130
1027	157	130
1028	157	130
1029	156	130
1030	155	129
1031	152	129
1032	149	129
1033	145	129
1034	142	130
1035	139	129
1036	133	130
1037	130	130
1038	126	129
1039	121	129
1040	119	130
1041	113	129
1042	110	130
1043	107	130
1044	102	130
1045	99	130
1046	96	130
1047	93	130
1048	91	130
1049	88	130
1050	87	130
1051	87	130
1052	86	130
1053	86	130
1054	85	130
1055	85	130
1056	84	130
1057	84	130
1058	83	130
1059	83	130
1060	83	130
1061	83	130
1062	82	129
1063	82	130
1064	82	130
1065	82	130
1066	82	130
1067	82	130
1068	82	130
1069	82	130
1070	82	130
1071	82	130
1072	81	130
1073	81	129
1074	81	130
1075	81	130
1076	81	130
1077	81	130
1078	81	130
1079	81	129
1080	81	129
1081	81	129
1082	81	130
1083	81	130
1084	81	130
1085	81	130
1086	81	130
1087	81	130
1088	81	129
1089	81	129
1090	81	130
1091	81	130
1092	81	130
1093	81	130
1094	81	130
1095	81	130
1096	81	130
1097	81	130
1098	81	130
1099	81	130
1100	81	130
1101	81	130
1102	81	130
1103	81	130
1104	81	130
1105	81	130
1106	81	130
1107	81	130
1108	81	130
1109	80	130
1110	80	130
1111	81	130
1112	80	130
1113	81	129
1114	80	130
1115	81	130
1116	80	129
1117	81	130
1118	81	130
1119	81	130
1120	80	129
1121	80	130
1122	80	130
1123	80	130
1124	81	129
1125	81	129
1126	81	130
1127	80	130
1128	81	130
1129	81	130
1130	81	129
1131	80	129
1132	81	130
1133	81	130
1134	80	130
1135	81	130
1136	81	130
1137	80	130
1138	81	130
1139	81	130
1140	81	130
1141	80	130
1142	81	129
1143	80	130
1144	81	129
1145	81	130
1146	81	130
1147	80	130
1148	81	130
1149	81	130
1150	81	130
1151	81	130
1152	81	130
1153	81	130
1154	81	130
1155	81	129
1156	80	130
1157	81	130
1158	81	130
1159	80	130
1160	81	130
1161	81	130
1162	81	130
1163	81	130
1164	81	130
1165	81	129
1166	81	130
1167	81	130
1168	81	130
1169	81	129
1170	81	130
1171	81	130
1172	81	130
1173	81	130
1174	80	129
1175	81	130
1176	81	129
1177	80	130
1178	81	129
1179	81	129
1180	80	130
1181	81	130
1182	80	130
1183	81	130
1184	81	130
1185	80	130
1186	81	130
1187	80	130
1188	80	129
1189	81	129
1190	81	130
1191	81	130
1192	81	130
1193	81	130
1194	81	130
1195	80	129
1196	80	129
1197	81	130
1198	80	130
1199	81	130
1200	81	130
1201	81	130
1202	81	130
1203	80	130
1204	81	130
1205	80	130
1206	80	130
1207	81	130
1208	81	130
1209	81	130
1210	80	129
1211	81	130
1212	80	130
1213	81	130
1214	80	130
1215	80	130
1216	81	130
1217	81	130
1218	80	130
1219	80	130
1220	81	130
1221	81	130
1222	81	130
1223	81	130
1224	81	130
1225	81	130
1226	81	130
1227	81	130
1228	80	130
1229	81	130
1230	80	130
1231	81	130
1232	81	130
1233	81	129
1234	81	130
1235	81	130
1236	81	130
1237	81	130
1238	81	130
1239	81	130
1240	80	130
1241	81	130
1242	81	130
1243	80	130
1244	81	130
1245	81	130
1246	80	130
1247	81	130
1248	81	130
1249	80	130
1250	81	130
1251	81	130
1252	81	130
1253	81	130
1254	81	130
1255	81	130
1256	80	130
1257	81	130
1258	81	130
1259	80	129
1260	81	130
1261	81	130
1262	80	129
1263	81	130
1264	81	130
1265	80	130
1266	81	130
1267	81	130
1268	81	130
1269	80	130
1270	81	130
1271	80	130
1272	81	130
1273	81	130
1274	81	130
1275	81	130
1276	81	130
1277	81	130
1278	81	130
1279	81	130
1280	81	130
1281	81	130
1282	81	130
1283	81	130
1284	81	130
1285	81	130
1286	81	130
1287	81	130
1288	81	130
1289	81	130
1290	81	130
1291	80	130
1292	81	130
1293	81	130
1294	80	130
1295	81	130
1296	80	130
1297	80	130
1298	80	130
1299	80	130
1300	80	130
1301	80	130
1302	80	130
1303	81	130
1304	81	130
1305	82	130
1306	82	130
1307	82	130
1308	82	130
1309	82	130
1310	82	130
1311	82	130
1312	82	130
1313	82	130
1314	81	130
1315	81	130
1316	82	130
1317	82	130
1318	82	130
1319	82	130
1320	81	130
1321	81	130
1322	82	130
1323	81	130
1324	81	130
1325	81	130
1326	81	130
1327	81	130
1328	81	130
1329	81	129
1330	80	130
1331	80	130
1332	81	130
1333	80	130
1334	80	130
1335	80	130
1336	80	130
1337	80	130
1338	80	129
1339	80	130
1340	80	130
1341	80	130
1342	80	130
1343	80	130
1344	80	130
1345	80	130
1346	80	130
1347	80	129
1348	80	130
1349	80	130
1350	80	130
1351	81	130
1352	80	130
1353	81	129
1354	80	130
1355	80	130
1356	80	130
1357	81	130
1358	80	130
1359	81	130
1360	80	130
1361	81	130
1362	81	130
1363	81	130
1364	81	130
1365	81	129
1366	81	130
1367	81	130
1368	81	130
1369	81	130
1370	81	130
1371	81	130
1372	81	130
1373	81	130
1374	81	130
1375	81	130
1376	81	130
1377	81	130
1378	81	130
1379	81	130
1380	81	130
1381	81	130
1382	81	130
1383	80	130
1384	81	130
1385	81	130
1386	80	130
1387	81	130
1388	81	130
1389	81	130
1390	81	130
1391	80	130
1392	81	130
1393	81	129
1394	81	130
1395	80	130
1396	80	129
1397	80	130
1398	81	130
1399	81	130
1400	81	130
1401	80	130
1402	81	130
1403	81	130
1404	81	130
1405	81	130
1406	81	130
1407	81	130
1408	80	130
1409	81	130
1410	81	130
1411	81	130
1412	80	130
1413	81	130
1414	80	130
1415	81	130
1416	81	130
1417	81	130
1418	81	130
1419	81	130
1420	81	130
1421	83	130
1422	85	130
1423	91	130
1424	163	130
1425	255	130
1426	255	130
1427	255	129
1428	255	130
1429	205	130
1430	206	129
1431	167	130
1432	133	130
1433	145	130
1434	118	130
1435	115	130
1436	118	130
1437	107	130
1438	107	130
1439	108	130
1440	105	130
1441	104	130
1442	106	129
1443	107	130
1444	108	129
1445	111	130
1446	115	130
1447	119	130
1448	125	129
1449	133	130
1450	141	130
1451	151	130
1452	161	130
1453	172	130
1454	179	130
1455	184	130
1456	186	130
1457	184	130
1458	180	130
1459	175	129
1460	168	129
1461	163	130
1462	158	130
1463	154	130
1464	150	130
1465	148	130
1466	145	130
1467	144	130
1468	143	130
1469	143	130
1470	142	130
1471	143	130
1472	143	130
1473	143	130
1474	143	130
1475	144	130
1476	145	130
1477	145	130
1478	146	130
1479	147	130
1480	147	130
1481	148	129
1482	149	130
1483	150	130
1484	150	130
1485	151	130
1486	151	130
1487	151	130
1488	151	130
1489	151	130
1490	151	130
1491	151	130
1492	151	129
1493	152	130
1494	152	130
1495	152	130
1496	153	130
1497	153	130
1498	154	130
1499	155	130
1500	156	130
1501	156	130
1502	157	130
1503	158	130
1504	158	130
1505	159	130
1506	160	130
1507	160	130
1508	161	130
1509	161	130
1510	161	129
1511	162	130
1512	162	130
1513	161	130
1514	161	130
1515	161	130
1516	162	130
1517	163	130
1518	163	130
1519	164	130
1520	165	130
1521	166	129
1522	166	130
1523	167	130
1524	167	130
1525	167	129
1526	167	130
1527	166	130
1528	165	130
1529	164	130
1530	163	130
1531	161	130
1532	159	130
1533	157	130
1534	156	130
1535	154	130
1536	153	130
1537	151	130
1538	149	130
1539	148	130
1540	147	130
1541	145	130
1542	144	130
1543	143	129
1544	143	130
1545	142	130
1546	142	130
1547	142	130
1548	141	130
1549	142	130
1550	142	130
1551	142	130
1552	143	130
1553	144	130
1554	145	130
1555	145	130
1556	147	130
1557	147	130
1558	149	130
1559	149	130
1560	150	130
1561	151	130
1562	152	130
1563	152	130
1564	152	130
1565	152	130
1566	151	130
1567	151	130
1568	151	130
1569	150	130
1570	149	130
1571	149	130
1572	147	130
1573	146	130
1574	145	130
1575	145	130
1576	143	130
1577	143	130
1578	143	129
1579	142	130
1580	141	130
1581	141	130
1582	141	130
1583	142	130
1584	143	130
1585	144	130
1586	145	130
1587	147	130
1588	149	130
1589	152	130
1590	155	130
1591	159	130
1592	163	130
1593	167	130
1594	169	130
1595	171	130
1596	170	130
1597	167	130
1598	164	130
1599	160	130
1600	156	130
1601	152	130
1602	148	130
1603	145	130
1604	142	130
1605	140	130
1606	139	130
1607	138	130
1608	138	130
1609	138	130
1610	138	130
1611	139	130
1612	140	130
1613	141	130
1614	142	130
1615	143	130
1616	145	130
1617	146	130
1618	146	130
1619	147	130
1620	147	130
1621	147	130
1622	146	130
1623	146	130
1624	145	130
1625	145	130
1626	146	130
1627	147	130
1628	148	130
1629	150	130
1630	151	130
1631	153	130
1632	154	130
1633	154	130
1634	155	130
1635	155	130
1636	154	130
1637	154	130
1638	153	130
1639	152	130
1640	152	130
1641	152	130
1642	151	130
1643	152	130
1644	152	130
1645	154	130
1646	155	130
1647	156	130
1648	157	130
1649	157	129
1650	158	130
1651	158	130
1652	158	130
1653	157	130
1654	157	130
1655	156	130
1656	155	130
1657	155	130
1658	156	130
1659	156	130
1660	156	130
1661	156	130
1662	155	130
1663	155	130
1664	155	129
1665	155	130
1666	154	130
1667	154	129
1668	154	130
1669	154	130
1670	154	130
1671	153	129
1672	153	130
1673	152	130
1674	151	130
1675	151	130
1676	151	130
1677	150	130
1678	151	130
1679	151	130
1680	151	130
1681	151	130
1682	151	130
1683	151	130
1684	151	130
1685	151	130
1686	151	130
1687	151	130
1688	151	129
1689	152	130
1690	152	130
1691	152	130
1692	152	130
1693	152	130
1694	151	130
1695	151	130
1696	151	130
1697	151	130
1698	151	130
1699	150	130
1700	150	130
1701	150	130
1702	149	130
1703	149	130
1704	149	130
1705	148	130
1706	148	130
1707	148	130
1708	148	130
1709	148	130
1710	149	130
1711	149	130
1712	149	130
1713	150	130
1714	151	130
1715	152	130
1716	152	130
1717	152	130
1718	153	130
1719	153	130
1720	153	130
1721	152	130
1722	152	130
1723	151	130
1724	151	130
1725	150	129
1726	150	130
1727	149	130
1728	149	130
1729	149	130
1730	149	130
1731	150	130
1732	151	130
1733	151	130
1734	152	130
1735	153	130
1736	153	130
1737	154	130
1738	153	130
1739	154	130
1740	154	130
1741	154	129
1742	154	130
1743	154	129
1744	155	130
1745	155	130
1746	155	130
1747	154	130
1748	154	130
1749	154	130
1750	153	130
1751	153	130
1752	153	130
1753	152	130
1754	152	130
1755	151	130
1756	150	130
1757	151	130
1758	150	130
1759	150	130
1760	150	130
1761	149	130
1762	149	130
1763	149	130
1764	149	130
1765	149	129
1766	149	130
1767	150	130
1768	150	129
1769	149	129
1770	150	130
1771	150	130
1772	150	130
1773	150	130
1774	150	130
1775	150	130
1776	151	129
1777	151	130
1778	151	130
1779	151	130
1780	151	130
1781	151	129
1782	152	130
1783	151	130
1784	151	130
1785	152	130
1786	151	130
1787	151	130
1788	151	130
1789	151	130
1790	150	130
1791	150	130
1792	150	130
1793	149	130
1794	149	130
1795	149	130
1796	148	130
1797	148	130
1798	148	130
1799	148	130
1800	148	130
1801	148	130
1802	148	130
1803	148	130
1804	148	129
1805	148	130
1806	149	130
1807	149	130
1808	149	130
1809	150	130
1810	151	130
1811	151	130
1812	152	130
1813	152	130
1814	152	130
1815	153	130
1816	153	130
1817	154	130
1818	154	130
1819	155	130
1820	155	130
1821	155	130
1822	155	130
1823	155	130
1824	155	130
1825	154	130
1826	154	130
1827	153	130
1828	152	130
1829	151	130
1830	151	130
1831	150	130
1832	149	129
1833	148	130
1834	147	130
1835	147	130
1836	146	130
1837	146	130
1838	145	130
1839	145	130
1840	144	129
1841	144	130
1842	144	130
1843	144	130
1844	144	130
1845	144	130
1846	144	130
1847	145	130
1848	145	130
1849	146	130
1850	147	130
1851	147	130
1852	148	130
1853	149	130
1854	150	130
1855	151	130
1856	151	130
1857	153	130
1858	153	130
1859	155	129
1860	154	130
1861	155	130
1862	155	130
1863	155	130
1864	154	130
1865	154	130
1866	153	130
1867	153	130
1868	151	130
1869	151	129
1870	150	130
1871	149	130
1872	149	130
1873	148	130
1874	147	129
1875	147	130
1876	146	130
1877	146	129
1878	146	130
1879	145	130
1880	146	130
1881	146	130
1882	146	130
1883	146	130
1884	147	130
1885	148	130
1886	148	130
1887	149	130
1888	150	130
1889	150	130
1890	151	130
1891	151	130
1892	151	129
1893	152	130
1894	153	130
1895	152	130
1896	152	130
1897	152	130
1898	152	130
1899	152	130
1900	151	130
1901	151	130
1902	151	130
1903	150	130
1904	149	130
1905	149	130
1906	148	130
1907	148	130
1908	148	130
1909	147	130
1910	147	130
1911	147	129
1912	147	130
1913	147	130
1914	148	130
1915	148	130
1916	149	129
1917	149	130
1918	149	130
1919	150	130
1920	151	130
1921	151	130
1922	152	130
1923	153	129
1924	154	130
1925	154	130
1926	155	130
1927	156	130
1928	157	129
1929	157	130
1930	158	129
1931	158	129
1932	158	130
1933	158	130
1934	158	129
1935	158	129
1936	158	130
1937	158	129
1938	157	130
1939	157	130
1940	157	130
1941	156	130
1942	155	130
1943	155	130
1944	155	130
1945	155	130
1946	154	130
1947	154	130
1948	154	129
1949	154	130
1950	154	130
1951	154	130
1952	153	130
1953	154	129
1954	154	129
1955	153	130
1956	153	130
1957	153	130
1958	153	129
1959	153	130
1960	153	130
1961	154	130
1962	154	130
1963	154	130
1964	155	130
1965	155	130
1966	156	129
1967	156	130
1968	157	130
1969	157	130
1970	158	129
1971	158	130
1972	159	130
1973	158	130
1974	158	130
1975	158	130
1976	158	129
1977	158	130
1978	157	129
1979	157	130
1980	157	130
1981	156	130
1982	155	130
1983	155	130
1984	155	130
1985	154	130
1986	153	130
1987	153	130
1988	152	130
1989	152	130
1990	152	130
1991	152	130
1992	152	130
1993	152	130
1994	152	130
1995	152	130
1996	152	130
1997	152	130
1998	153	130
1999	153	130
2000	154	130
2001	154	130
2002	154	130
2003	154	130
2004	155	129
2005	155	130
2006	155	130
2007	156	130
2008	156	129
2009	156	130
2010	156	130
2011	156	129
2012	156	129
2013	156	130
2014	156	130
2015	156	130
2016	155	129
2017	155	130
2018	155	130
2019	155	130
2020	154	130
2021	154	130
2022	154	130
2023	154	130
2024	154	130
2025	153	130
2026	153	130
2027	153	130
2028	153	130
2029	154	130
2030	154	130
2031	154	130
2032	154	130
2033	154	130
2034	155	130
2035	155	130
2036	155	130
2037	156	130
2038	156	130
2039	157	130
2040	157	130
2041	157	130
2042	157	130
2043	158	130
2044	158	129
2045	158	130
2046	158	129
2047	158	130
2048	158	130
2049	157	130
2050	157	130
2051	157	130
2052	157	129
2053	156	130
2054	155	130
2055	155	130
2056	155	130
2057	154	130
2058	154	130
2059	153	129
2060	153	130
2061	152	129
2062	153	130
2063	152	130
2064	152	130
2065	152	129
2066	152	130
2067	152	129
2068	152	130
2069	152	130
2070	153	129
2071	153	130
2072	153	130
2073	153	130
2074	153	130
2075	154	130
2076	153	130
2077	152	130
2078	151	130
2079	148	130
2080	146	130
2081	143	130
2082	140	130
2083	138	130
2084	134	129
2085	131	130
2086	129	130
2087	124	130
2088	122	130
2089	118	130
2090	113	129
2091	110	130
2092	106	130
2093	103	130
2094	99	130
2095	96	130
2096	93	130
2097	91	130
2098	89	130
2099	88	130
2100	87	130
2101	86	130
2102	85	130
2103	85	130
2104	84	130
2105	85	130
2106	83	130
2107	83	130
2108	83	130
2109	83	130
2110	82	130
2111	83	130
2112	81	130
2113	82	130
2114	82	130
2115	82	130
2116	82	130
2117	81	130
2118	82	130
2119	82	130
2120	81	130
2121	81	130
2122	81	130
2123	81	130
2124	81	129
2125	81	130
2126	81	130
2127	81	130
2128	81	130
2129	81	130
2130	81	130
2131	81	130
2132	81	130
2133	81	129
2134	81	130
2135	81	130
2136	81	130
2137	81	130
2138	81	130
2139	81	130
2140	81	130
2141	81	130
2142	81	130
2143	81	130
2144	81	130
2145	81	130
2146	81	130
2147	81	130
2148	81	130
2149	81	130
2150	81	130
2151	81	130
2152	81	129
2153	81	130
2154	81	130
2155	81	130
2156	81	130
2157	81	130
2158	80	130
2159	81	130
2160	81	130
2161	80	130
2162	80	130
2163	81	130
2164	81	130
2165	80	130
2166	81	130
2167	80	130
2168	81	130
2169	81	130
2170	80	130
2171	81	130
2172	80	130
2173	81	129
2174	81	130
2175	81	129
2176	81	130
2177	80	130
2178	81	130
2179	81	130
2180	81	130
2181	81	130
2182	80	130
2183	80	130
2184	81	130
2185	81	130
2186	80	130
2187	81	130
2188	81	130
2189	81	130
2190	80	130
2191	81	129
2192	81	130
2193	81	130
2194	81	129
2195	81	130
2196	81	130
2197	80	130
2198	81	129
2199	81	129
2200	80	130
2201	80	130
2202	81	130
2203	81	130
2204	80	130
2205	81	130
2206	81	130
2207	81	130
2208	81	129
2209	81	130
2210	80	130
2211	81	130
2212	80	129
2213	81	130
2214	81	130
2215	80	129
2216	81	129
2217	81	130
2218	81	130
2219	80	130
2220	81	130
2221	80	130
2222	80	130
2223	81	130
2224	81	130
2225	81	130
2226	80	130
2227	81	130
2228	80	130
2229	81	130
2230	81	129
2231	81	130
2232	80	130
2233	81	130
2234	81	130
2235	81	130
2236	80	129
2237	81	130
2238	81	130
2239	80	130
2240	81	130
2241	81	130
2242	80	130
2243	81	130
2244	81	130
2245	81	130
2246	81	130
2247	81	130
2248	81	130
2249	81	130
2250	80	130
2251	81	130
2252	81	130
2253	80	130
2254	81	130
2255	81	130
2256	81	130
2257	80	130
2258	81	130
2259	81	130
2260	80	130
2261	81	129
2262	81	130
2263	80	130
2264	81	130
2265	81	130
2266	81	130
2267	80	130
2268	81	130
2269	81	130
2270	80	130
2271	81	130
2272	81	130
2273	81	129
2274	81	130
2275	81	130
2276	81	130
2277	81	130
2278	80	130
2279	81	130
2280	81	130
2281	81	130
2282	81	130
2283	81	130
2284	80	130
2285	81	130
2286	81	130
2287	81	130
2288	81	130
2289	80	130
2290	80	130
2291	81	130
2292	80	130
2293	81	130
2294	80	130
2295	81	130
2296	80	130
2297	81	130
2298	81	130
2299	81	130
2300	81	130
2301	81	130
2302	81	130
2303	81	130
2304	81	130
2305	81	130
2306	81	130
2307	81	130
2308	81	130
2309	81	130
2310	81	130
2311	81	130
2312	81	130
2313	81	130
2314	81	129
2315	81	130
2316	81	129
2317	81	129
2318	81	130
2319	80	130
2320	81	130
2321	80	130
2322	81	130
2323	81	130
2324	81	130
2325	81	130
2326	81	130
2327	80	129
2328	80	130
2329	81	130
2330	81	130
2331	80	130
2332	81	130
2333	81	130
2334	80	130
2335	80	130
2336	80	130
2337	80	130
2338	81	130
2339	80	130
2340	81	130
2341	80	130
2342	81	130
2343	81	130
2344	80	130
2345	80	130
2346	80	130
2347	80	130
2348	80	130
2349	80	130
2350	81	130
2351	81	130
2352	81	130
2353	81	130
2354	82	130
2355	82	130
2356	82	130
2357	82	129
2358	82	129
2359	82	129
2360	82	130
2361	82	130
2362	81	130
2363	81	130
2364	82	130
2365	81	130
2366	82	130
2367	82	129
2368	81	130
2369	82	129
2370	81	130
2371	81	130
2372	81	130
2373	81	130
2374	81	130
2375	81	130
2376	81	130
2377	81	130
2378	81	130
2379	80	130
2380	80	130
2381	80	130
2382	80	130
2383	80	129
2384	80	130
2385	80	130
2386	80	130
2387	80	129
2388	80	130
2389	80	130
2390	80	130
2391	80	130
2392	80	130
2393	80	130
2394	80	130
2395	80	130
2396	79	130
2397	81	130
2398	80	130
2399	80	130
2400	81	130
2401	80	129
2402	80	130
2403	81	130
2404	80	130
2405	81	130
2406	81	130
2407	81	130
2408	81	130
2409	81	130
2410	81	130
2411	81	130
2412	81	130
2413	81	130
2414	81	130
2415	81	130
2416	81	130
2417	81	130
2418	80	130
2419	81	130
2420	81	130
2421	81	130
2422	81	130
2423	81	130
2424	81	130
2425	81	130
2426	81	130
2427	80	130
2428	81	130
2429	80	130
2430	81	130
2431	81	130
2432	81	130
2433	80	130
2434	81	130
2435	80	130
2436	81	130
2437	81	130
2438	81	130
2439	81	130
2440	81	129
2441	81	130
2442	81	129
2443	80	130
2444	81	130
2445	81	130
2446	80	130
2447	81	130
2448	81	130
2449	80	130
2450	80	130
2451	80	130
2452	81	130
2453	80	130
2454	81	130
2455	81	130
2456	80	130
2457	81	130
2458	81	130
2459	81	130
2460	81	130
2461	80	130
2462	81	130
2463	81	130
2464	81	130
2465	81	130
2466	81	130
2467	81	130
2468	82	130
2469	83	130
2470	86	130
2471	96	130
2472	199	130
2473	255	130
2474	255	130
2475	255	129
2476	255	130
2477	202	130
2478	203	130
2479	145	130
2480	154	130
2481	138	130
2482	120	130
2483	130	130
2484	117	130
2485	114	130
2486	119	130
2487	113	129
2488	113	130
2489	115	130
2490	115	130
2491	118	130
2492	121	130
2493	124	130
2494	130	130
2495	135	130
2496	142	130
2497	151	130
2498	159	130
2499	167	130
2500	175	130
2501	181	130
2502	183	130
2503	183	130
2504	182	130
2505	178	129
2506	173	130
2507	168	130
2508	162	130
2509	157	130
2510	152	130
2511	148	129
2512	146	130
2513	143	129
2514	141	129
2515	140	130
2516	140	130
2517	139	130
2518	139	130
2519	139	130
2520	140	129
2521	141	130
2522	143	130
2523	145	130
2524	146	130
2525	148	130
2526	150	130
2527	152	130
2528	153	130
2529	153	130
2530	152	129
2531	152	130
2532	151	130
2533	150	130
2534	150	130
2535	148	130
2536	149	130
2537	148	130
2538	148	130
2539	149	130
2540	148	130
2541	149	130
2542	149	130
2543	150	130
2544	151	130
2545	152	130
2546	153	130
2547	154	130
2548	155	130
2549	157	130
2550	159	130
2551	160	130
2552	161	130
2553	163	130
2554	165	130
2555	165	130
2556	166	130
2557	167	130
2558	166	130
2559	166	130
2560	166	130
2561	165	130
2562	164	130
2563	163	129
2564	162	130
2565	161	130
2566	161	130
2567	160	129
2568	159	130
2569	159	130
2570	158	130
2571	158	130
2572	158	130
2573	157	130
2574	157	130
2575	157	130
2576	157	130
2577	157	130
2578	157	130
2579	157	130
2580	156	130
2581	155	130
2582	154	130
2583	153	130
2584	152	130
2585	151	130
2586	150	130
2587	149	130
2588	147	130
2589	147	129
2590	146	130
2591	145	130
2592	145	130
2593	144	130
2594	144	130
2595	144	129
2596	144	130
2597	144	130
2598	145	130
2599	145	130
2600	145	130
2601	146	130
2602	146	130
2603	147	130
2604	147	130
2605	147	130
2606	148	130
2607	148	130
2608	149	130
2609	149	130
2610	149	130
2611	149	130
2612	148	130
2613	149	130
2614	149	130
2615	148	130
2616	148	130
2617	148	130
2618	148	130
2619	148	130
2620	147	130
2621	147	130
2622	147	129
2623	147	130
2624	147	130
2625	146	130
2626	146	130
2627	146	130
2628	146	130
2629	148	130
2630	149	130
2631	151	130
2632	154	130
2633	156	130
2634	159	130
2635	162	130
2636	165	130
2637	166	130
2638	167	130
2639	166	130
2640	165	130
2641	162	130
2642	159	130
2643	156	130
2644	153	130
2645	150	130
2646	147	130
2647	144	130
2648	142	130
2649	140	130
2650	139	130
2651	137	130
2652	136	130
2653	135	130
2654	134	130
2655	134	130
2656	133	130
2657	133	130
2658	134	130
2659	135	130
2660	135	130
2661	137	130
2662	140	130
2663	143	130
2664	146	130
2665	149	130
2666	152	129
2667	154	130
2668	156	130
2669	157	130
2670	158	130
2671	157	130
2672	157	130
2673	157	130
2674	156	130
2675	156	130
2676	155	130
2677	154	130
2678	153	130
2679	152	129
2680	152	130
2681	151	130
2682	151	130
2683	152	130
2684	151	129
2685	152	130
2686	152	130
2687	153	130
2688	154	130
2689	155	130
2690	155	130
2691	156	130
2692	156	130
2693	156	130
2694	157	130
2695	157	130
2696	158	130
2697	158	130
2698	158	130
2699	157	130
2700	157	130
2701	156	130
2702	155	130
2703	154	130
2704	153	129
2705	153	130
2706	153	130
2707	152	130
2708	152	130
2709	151	130
2710	150	130
2711	149	130
2712	149	130
2713	148	130
2714	147	130
2715	147	130
2716	147	130
2717	147	129
2718	148	130
2719	148	130
2720	151	130
2721	150	130
2722	151	130
2723	153	130
2724	154	130
2725	155	130
2726	156	130
2727	155	130
2728	157	130
2729	157	130
2730	157	130
2731	156	129
2732	155	130
2733	155	130
2734	154	130
2735	153	130
2736	152	129
2737	151	130
2738	150	130
2739	149	130
2740	149	129
2741	149	130
2742	148	130
2743	148	130
2744	148	130
2745	148	130
2746	148	130
2747	148	130
2748	148	130
2749	149	130
2750	149	130
2751	149	130
2752	149	130
2753	150	130
2754	151	130
2755	151	130
2756	151	130
2757	152	130
2758	152	130
2759	153	130
2760	153	130
2761	153	130
2762	153	130
2763	153	130
2764	153	130
2765	153	129
2766	153	130
2767	152	130
2768	152	130
2769	152	130
2770	151	130
2771	151	130
2772	150	129
2773	150	130
2774	151	130
2775	150	130
2776	151	130
2777	151	130
2778	151	130
2779	151	130
2780	151	130
2781	152	130
2782	153	130
2783	152	130
2784	153	130
2785	153	130
2786	154	130
2787	154	130
2788	154	130
2789	153	129
2790	153	130
2791	152	130
2792	151	130
2793	151	129
2794	150	130
2795	149	130
2796	148	130
2797	148	130
2798	147	130
2799	147	130
2800	147	130
2801	147	130
2802	148	130
2803	149	130
2804	149	130
2805	150	130
2806	150	130
2807	151	130
2808	152	130
2809	152	129
2810	153	130
2811	154	130
2812	154	130
2813	155	130
2814	155	130
2815	154	130
2816	155	130
2817	155	130
2818	154	130
2819	154	130
2820	153	130
2821	153	130
2822	153	130
2823	152	130
2824	152	130
2825	151	130
2826	151	130
2827	151	130
2828	150	130
2829	151	130
2830	151	130
2831	151	130
2832	151	130
2833	151	130
2834	152	130
2835	152	130
2836	152	130
2837	152	130
2838	152	130
2839	152	130
2840	152	130
2841	151	130
2842	151	130
2843	150	130
2844	150	130
2845	150	130
2846	149	130
2847	149	130
2848	148	130
2849	148	130
2850	148	130
2851	147	130
2852	148	130
2853	147	130
2854	147	130
2855	147	130
2856	148	130
2857	148	130
2858	148	130
2859	148	130
2860	149	130
2861	149	130
2862	149	130
2863	150	130
2864	150	130
2865	151	129
2866	151	130
2867	152	130
2868	152	130
2869	153	130
2870	153	130
2871	153	130
2872	153	130
2873	152	130
2874	152	130
2875	151	130
2876	150	130
2877	150	130
2878	149	130
2879	148	130
2880	148	130
2881	147	130
2882	147	130
2883	147	130
2884	146	130
2885	146	130
2886	146	130
2887	146	130
2888	147	130
2889	147	129
2890	147	130
2891	148	130
2892	148	130
2893	149	130
2894	149	130
2895	149	130
2896	150	130
2897	150	130
2898	151	130
2899	151	130
2900	152	130
2901	151	130
2902	152	130
2903	152	130
2904	152	130
2905	151	130
2906	151	130
2907	151	130
2908	151	130
2909	151	130
2910	151	130
2911	151	130
2912	150	130
2913	150	130
2914	150	130
2915	149	129
2916	149	130
2917	149	130
2918	149	130
2919	149	130
2920	149	130
2921	149	130
2922	149	130
2923	149	130
2924	149	130
2925	150	130
2926	150	129
2927	150	130
2928	150	130
2929	151	130
2930	151	130
2931	151	130
2932	151	130
2933	151	130
2934	151	130
2935	151	130
2936	152	130
2937	151	130
2938	151	130
2939	151	130
2940	150	130
2941	150	130
2942	149	130
2943	149	130
2944	149	130
2945	148	130
2946	148	130
2947	147	130
2948	147	129
2949	147	130
2950	147	129
2951	147	130
2952	146	129
2953	146	129
2954	146	130
2955	146	130
2956	146	130
2957	146	130
2958	147	130
2959	147	129
2960	148	130
2961	148	130
2962	149	130
2963	150	130
2964	151	130
2965	152	130
2966	152	130
2967	153	130
2968	153	130
2969	154	130
2970	154	130
2971	154	130
2972	155	130
2973	155	130
2974	156	130
2975	156	130
2976	156	130
2977	157	130
2978	157	130
2979	157	130
2980	157	129
2981	157	130
2982	157	130
2983	157	130
2984	157	130
2985	157	130
2986	156	130
2987	156	130
2988	156	130
2989	156	130
2990	156	130
2991	156	130
2992	156	129
2993	156	130
2994	156	130
2995	156	129
2996	156	130
2997	156	130
2998	156	130
2999	156	130
3000	157	130
3001	157	130
3002	157	130
3003	157	130
3004	157	130
3005	157	130
3006	158	130
3007	158	130
3008	158	130
3009	158	130
3010	158	130
3011	158	130
3012	157	130
3013	157	130
3014	157	130
3015	157	129
3016	156	130
3017	156	130
3018	155	130
3019	155	130
3020	155	130
3021	154	129
3022	154	130
3023	153	130
3024	153	129
3025	153	129
3026	152	130
3027	153	130
3028	152	130
3029	152	130
3030	152	130
3031	152	130
3032	152	130
3033	152	130
3034	152	130
3035	153	130
3036	153	130
3037	153	130
3038	154	130
3039	154	130
3040	155	130
3041	155	130
3042	155	130
3043	157	130
3044	156	130
3045	157	130
3046	157	130
3047	157	130
3048	157	130
3049	157	130
3050	157	130
3051	157	130
3052	157	130
3053	157	130
3054	156	129
3055	156	129
3056	156	130
3057	155	130
3058	155	130
3059	154	130
3060	154	130
3061	154	130
3062	153	130
3063	153	129
3064	153	129
3065	153	130
3066	153	130
3067	153	129
3068	153	130
3069	153	130
3070	153	130
3071	154	130
3072	154	130
3073	154	130
3074	155	130
3075	155	130
3076	155	129
3077	155	130
3078	155	129
3079	156	130
3080	156	130
3081	156	130
3082	157	130
3083	156	130
3084	156	130
3085	156	130
3086	156	130
3087	156	130
3088	156	130
3089	156	129
3090	156	130
3091	156	130
3092	155	129
3093	155	129
3094	155	129
3095	155	130
3096	155	130
3097	154	130
3098	155	129
3099	154	130
3100	155	130
3101	155	130
3102	155	130
3103	155	130
3104	155	130
3105	155	130
3106	155	130
3107	155	130
3108	156	129
3109	155	130
3110	155	129
3111	155	130
3112	154	130
3113	152	130
3114	151	130
3115	150	130
3116	149	130
3117	150	130
3118	149	130
3119	149	130
3120	149	130
3121	149	130
3122	147	130
3123	147	130
3124	147	130
3125	147	130
3126	147	130
3127	147	129
3128	147	130
3129	147	130
3130	146	130
3131	145	130
3132	143	130
3133	140	130
3134	138	130
3135	133	130
3136	130	130
3137	125	130
3138	120	130
3139	117	129
3140	110	130
3141	107	130
3142	102	129
3143	97	130
3144	94	130
3145	91	130
3146	89	130
3147	88	129
3148	87	130
3149	87	130
3150	85	130
3151	84	130
3152	85	130
3153	84	130
3154	84	130
3155	83	130
3156	83	130
3157	83	130
3158	83	129
3159	82	130
3160	82	130
3161	82	130
3162	82	130
3163	82	130
3164	82	130
3165	82	130
3166	82	130
3167	82	130
3168	82	130
3169	81	130
3170	81	130
3171	81	130
3172	81	130
3173	81	130
3174	81	130
3175	81	130
3176	81	129
3177	81	130
3178	81	130
3179	81	130
3180	81	130
3181	81	130
3182	81	130
3183	81	130
3184	81	130
3185	81	130
3186	81	130
3187	81	130
3188	81	130
3189	81	130
3190	81	130
3191	81	130
3192	81	130
3193	81	130
3194	81	130
3195	81	130
3196	81	130
3197	81	130
3198	81	130
3199	80	130
3200	81	130
3201	80	130
3202	80	129
3203	81	130
3204	80	129
3205	81	129
3206	81	130
3207	81	129
3208	81	130
3209	81	129
3210	80	130
3211	81	130
3212	81	130
3213	81	130
3214	80	130
3215	81	130
3216	81	130
3217	80	129
3218	80	130
3219	81	130
3220	80	130
3221	81	130
3222	81	130
3223	80	130
3224	80	130
3225	81	130
3226	80	130
3227	81	130
3228	81	130
3229	80	129
3230	81	129
3231	81	130
3232	80	130
3233	80	129
3234	81	130
3235	81	130
3236	81	130
3237	81	130
3238	81	130
3239	81	130
3240	81	129
3241	81	130
3242	81	130
3243	81	130
3244	80	130
3245	81	130
3246	81	130
3247	81	130
3248	80	129
3249	81	130
3250	81	130
3251	81	130
3252	81	130
3253	81	130
3254	80	130
3255	80	130
3256	81	130
3257	80	129
3258	81	130
3259	81	130
3260	80	130
3261	81	130
3262	80	130
3263	81	130
3264	81	130
3265	80	129
3266	80	130
3267	80	130
3268	81	130
3269	80	130
3270	80	130
3271	81	130
3272	80	129
3273	81	130
3274	81	130
3275	81	129
3276	81	130
3277	81	130
3278	81	130
3279	80	130
3280	81	130
3281	81	130
3282	81	130
3283	81	130
3284	81	130
3285	80	130
3286	80	129
3287	81	130
3288	80	130
3289	81	129
3290	80	130
3291	81	130
3292	81	130
3293	81	130
3294	81	130
3295	81	130
3296	80	130
3297	81	130
3298	80	130
3299	81	130
3300	80	130
3301	80	130
3302	81	129
3303	81	129
3304	80	129
3305	81	130
3306	80	130
3307	81	130
3308	81	130
3309	81	130
3310	81	130
3311	81	130
3312	81	129
3313	81	130
3314	80	130
3315	81	130
3316	80	130
3317	81	130
3318	81	130
3319	81	130
3320	81	130
3321	81	130
3322	81	130
3323	81	130
3324	80	130
3325	81	130
3326	80	130
3327	81	130
3328	80	130
3329	81	130
3330	81	130
3331	81	130
3332	80	130
3333	81	129
3334	80	129
3335	81	129
3336	81	130
3337	81	130
3338	81	130
3339	80	130
3340	81	129
3341	81	130
3342	81	130
3343	81	130
3344	81	130
3345	81	130
3346	81	130
3347	81	130
3348	81	130
3349	81	130
3350	80	130
3351	80	130
3352	81	130
3353	81	130
3354	81	130
3355	81	130
3356	81	130
3357	81	130
3358	80	130
3359	81	130
3360	80	130
3361	81	130
3362	81	130
3363	81	130
3364	81	130
3365	81	130
3366	80	130
3367	80	130
3368	80	130
3369	81	130
3370	81	130
3371	80	130
3372	81	130
3373	81	130
3374	81	130
3375	81	130
3376	81	130
3377	81	130
3378	81	130
3379	81	130
3380	81	130
3381	80	130
3382	81	130
3383	80	130
3384	81	130
3385	81	130
3386	81	130
3387	81	130
3388	80	130
3389	80	130
3390	81	130
3391	80	130
3392	80	130
3393	80	130
3394	80	130
3395	80	130
3396	79	130
3397	80	130
3398	80	130
3399	81	130
3400	81	130
3401	81	129
3402	82	130
3403	81	130
3404	82	130
3405	82	130
3406	82	130
3407	82	130
3408	82	130
3409	81	130
3410	81	130
3411	82	130
3412	82	130
3413	82	130
3414	81	130
3415	82	130
3416	82	130
3417	81	130
3418	81	130
3419	81	130
3420	81	130
3421	81	130
3422	81	130
3423	81	130
3424	81	130
3425	81	130
3426	81	130
3427	80	130
3428	80	130
3429	80	130
3430	80	130
3431	80	130
3432	80	129
3433	80	130
3434	80	130
3435	80	130
3436	80	129
3437	80	130
3438	80	130
3439	80	130
3440	80	130
3441	80	130
3442	80	130
3443	80	130
3444	80	130
3445	80	130
3446	80	130
3447	80	130
3448	80	130
3449	80	130
3450	81	130
3451	80	130
3452	80	130
3453	80	130
3454	80	130
3455	81	129
3456	81	129
3457	81	129
3458	81	130
3459	81	130
3460	81	130
3461	81	130
3462	81	130
3463	81	129
3464	81	130
3465	81	130
3466	81	130
3467	81	129
3468	81	130
3469	81	130
3470	81	130
3471	81	130
3472	81	130
3473	80	130
3474	81	130
3475	81	129
3476	81	130
3477	81	130
3478	81	130
3479	81	130
3480	81	130
3481	81	130
3482	81	130
3483	81	130
3484	80	130
3485	81	130
3486	81	130
3487	81	130
3488	81	130
3489	81	130
3490	81	130
3491	81	130
3492	81	130
3493	80	129
3494	80	130
3495	81	130
3496	81	129
3497	81	130
3498	81	130
3499	81	130
3500	81	130
3501	81	129
3502	81	130
3503	81	130
3504	81	130
3505	80	130
3506	81	130
3507	81	130
3508	80	129
3509	81	130
3510	81	130
3511	81	130
3512	80	130
3513	81	130
3514	81	130
3515	81	130
3516	81	130
3517	83	130
3518	84	130
3519	89	130
3520	129	130
3521	255	130
3522	255	130
3523	255	130
3524	255	130
3525	220	130
3526	228	130
3527	175	130
3528	156	129
3529	159	130
3530	129	130
3531	136	130
3532	128	130
3533	120	129
3534	126	130
3535	119	130
3536	118	130
3537	122	130
3538	120	130
3539	123	130
3540	127	130
3541	129	130
3542	134	130
3543	139	130
3544	146	130
3545	153	130
3546	160	130
3547	167	130
3548	172	130
3549	175	130
3550	176	130
3551	174	130
3552	172	130
3553	167	130
3554	161	130
3555	157	130
3556	153	130
3557	149	130
3558	147	130
3559	145	129
3560	143	130
3561	141	130
3562	141	129
3563	140	130
3564	141	130
3565	141	130
3566	142	130
3567	143	130
3568	144	130
3569	145	130
3570	147	130
3571	147	129
3572	149	130
3573	150	130
3574	151	130
3575	152	130
3576	152	130
3577	151	130
3578	151	130
3579	150	130
3580	149	129
3581	150	130
3582	149	130
3583	149	130
3584	149	130
3585	148	129
3586	148	130
3587	149	130
3588	148	130
3589	149	129
3590	150	130
3591	151	130
3592	152	130
3593	153	130
3594	154	130
3595	155	130
3596	155	130
3597	156	129
3598	157	130
3599	157	130
3600	157	130
3601	157	130
3602	158	130
3603	158	129
3604	159	130
3605	160	130
3606	161	130
3607	162	130
3608	164	130
3609	165	130
3610	167	130
3611	168	130
3612	170	130
3613	170	130
3614	171	130
3615	171	130
3616	171	130
3617	170	130
3618	169	130
3619	167	130
3620	166	130
3621	164	130
3622	162	130
3623	161	130
3624	158	130
3625	157	129
3626	155	129
3627	154	130
3628	152	130
3629	151	130
3630	149	130
3631	148	130
3632	147	130
3633	146	130
3634	145	130
3635	145	130
3636	144	130
3637	143	130
3638	143	130
3639	143	130
3640	143	130
3641	143	130
3642	143	130
3643	143	130
3644	144	130
3645	144	130
3646	144	130
3647	145	130
3648	145	130
3649	145	130
3650	145	130
3651	145	130
3652	145	130
3653	145	130
3654	145	130
3655	145	130
3656	145	130
3657	145	130
3658	144	130
3659	144	130
3660	144	130
3661	143	130
3662	143	129
3663	143	130
3664	143	130
3665	143	129
3666	143	130
3667	143	130
3668	144	129
3669	144	130
3670	145	130
3671	145	130
3672	146	130
3673	147	129
3674	148	130
3675	149	130
3676	151	130
3677	153	130
3678	154	130
3679	157	130
3680	160	130
3681	163	130
3682	166	130
3683	170	130
3684	173	130
3685	175	130
3686	175	130
3687	172	130
3688	169	129
3689	164	130
3690	159	130
3691	155	130
3692	150	130
3693	145	130
3694	140	130
3695	137	129
3696	134	130
3697	132	130
3698	131	130
3699	130	129
3700	130	129
3701	129	130
3702	131	130
3703	132	129
3704	133	130
3705	136	129
3706	139	130
3707	141	129
3708	143	130
3709	145	130
3710	148	130
3711	150	130
3712	153	130
3713	154	130
3714	155	130
3715	156	130
3716	155	130
3717	155	130
3718	155	130
3719	153	129
3720	153	130
3721	152	130
3722	151	130
3723	151	129
3724	151	130
3725	150	130
3726	151	129
3727	152	129
3728	153	130
3729	155	130
3730	157	130
3731	159	130
3732	161	130
3733	162	130
3734	163	130
3735	164	130
3736	164	130
3737	163	130
3738	163	129
3739	162	130
3740	161	130
3741	159	130
3742	157	130
3743	155	130
3744	154	130
3745	152	130
3746	151	130
3747	150	130
3748	150	130
3749	149	130
3750	149	130
3751	149	129
3752	149	130
3753	150	130
3754	150	129
3755	150	130
3756	151	130
3757	151	130
3758	152	130
3759	152	130
3760	153	130
3761	152	130
3762	152	130
3763	152	130
3764	152	130
3765	152	130
3766	151	129
3767	151	130
3768	150	130
3769	150	130
3770	149	130
3771	149	130
3772	148	130
3773	148	129
3774	149	130
3775	149	130
3776	149	130
3777	149	130
3778	150	130
3779	151	129
3780	151	130
3781	151	130
3782	151	130
3783	152	130
3784	152	130
3785	152	130
3786	152	130
3787	151	130
3788	151	130
3789	151	130
3790	151	129
3791	150	129
3792	150	129
3793	150	130
3794	150	130
3795	151	130
3796	149	130
3797	151	130
3798	151	130
3799	150	130
3800	150	130
3801	151	130
3802	151	130
3803	151	130
3804	152	130
3805	152	130
3806	152	130
3807	152	130
3808	152	130
3809	152	130
3810	152	130
3811	152	130
3812	152	130
3813	153	130
3814	153	130
3815	153	130
3816	153	130
3817	154	130
3818	154	130
3819	154	130
3820	155	130
3821	155	130
3822	156	130
3823	156	130
3824	156	130
3825	156	130
3826	156	129
3827	156	130
3828	155	130
3829	155	130
3830	154	130
3831	154	130
3832	153	130
3833	152	130
3834	151	130
3835	150	130
3836	150	130
3837	149	130
3838	148	130
3839	148	130
3840	147	130
3841	147	130
3842	147	130
3843	147	130
3844	147	130
3845	147	130
3846	147	130
3847	148	129
3848	148	130
3849	149	130
3850	149	130
3851	149	130
3852	150	129
3853	150	130
3854	151	129
3855	151	130
3856	151	130
3857	152	130
3858	151	130
3859	151	130
3860	151	130
3861	151	130
3862	151	130
3863	150	130
3864	150	129
3865	149	130
3866	149	130
3867	149	130
3868	148	130
3869	148	130
3870	148	129
3871	148	130
3872	149	130
3873	149	130
3874	149	130
3875	150	130
3876	150	130
3877	151	130
3878	151	130
3879	151	130
3880	152	130
3881	152	130
3882	152	130
3883	152	130
3884	152	130
3885	152	130
3886	152	130
3887	151	130
3888	151	130
3889	150	130
3890	150	130
3891	150	129
3892	149	130
3893	149	130
3894	149	130
3895	149	129
3896	149	129
3897	149	130
3898	149	130
3899	150	130
3900	150	130
3901	151	130
3902	151	130
3903	151	130
3904	153	130
3905	152	129
3906	153	130
3907	154	130
3908	154	130
3909	154	130
3910	154	130
3911	153	130
3912	153	130
3913	153	130
3914	152	130
3915	152	130
3916	152	130
3917	151	130
3918	151	130
3919	150	130
3920	150	130
3921	149	129
3922	148	130
3923	148	130
3924	147	130
3925	147	130
3926	147	130
3927	146	130
3928	146	130
3929	145	130
3930	145	130
3931	145	130
3932	145	129
3933	145	130
3934	145	130
3935	146	130
3936	146	130
3937	147	130
3938	147	130
3939	147	130
3940	148	130
3941	149	130
3942	149	130
3943	151	130
3944	150	129
3945	151	130
3946	152	130
3947	152	130
3948	152	129
3949	153	130
3950	152	130
3951	153	130
3952	152	130
3953	153	130
3954	152	130
3955	152	130
3956	152	130
3957	151	130
3958	151	130
3959	151	130
3960	150	130
3961	149	130
3962	149	130
3963	148	130
3964	148	130
3965	148	130
3966	147	130
3967	147	130
3968	147	130
3969	147	130
3970	147	130
3971	148	130
3972	147	130
3973	148	130
3974	148	130
3975	149	130
3976	149	130
3977	149	129
3978	150	130
3979	150	130
3980	150	130
3981	151	130
3982	151	130
3983	151	130
3984	151	130
3985	151	130
3986	151	130
3987	151	130
3988	151	130
3989	150	130
3990	150	130
3991	150	130
3992	150	130
3993	149	130
3994	149	130
3995	149	130
3996	149	130
3997	148	130
3998	148	130
3999	148	130
4000	148	130
4001	148	130
4002	148	130
4003	148	130
4004	148	130
4005	149	130
4006	149	130
4007	150	130
4008	150	130
4009	151	130
4010	152	130
4011	153	130
4012	153	130
4013	154	130
4014	155	130
4015	156	130
4016	156	130
4017	156	130
4018	157	129
4019	157	129
4020	157	130
4021	157	130
4022	156	130
4023	156	130
4024	155	129
4025	155	130
4026	154	130
4027	153	129
4028	153	130
4029	152	130
4030	151	130
4031	151	129
4032	151	130
4033	151	130
4034	151	130
4035	151	130
4036	152	130
4037	153	130
4038	153	130
4039	154	130
4040	155	130
4041	155	130
4042	156	130
4043	157	130
4044	158	130
4045	158	130
4046	159	130
4047	159	129
4048	160	130
4049	160	130
4050	160	130
4051	161	130
4052	160	129
4053	160	130
4054	160	130
4055	159	130
4056	159	130
4057	158	130
4058	157	130
4059	157	130
4060	156	130
4061	155	130
4062	154	130
4063	154	130
4064	153	130
4065	152	130
4066	152	130
4067	152	130
4068	151	130
4069	151	130
4070	151	130
4071	151	130
4072	151	130
4073	151	129
4074	151	130
4075	151	130
4076	151	130
4077	152	130
4078	152	130
4079	153	130
4080	153	130
4081	154	130
4082	154	130
4083	155	130
4084	155	130
4085	156	130
4086	157	130
4087	157	130
4088	157	130
4089	158	130
4090	158	130
4091	158	130
4092	158	130
4093	158	130
4094	158	130
4095	158	130
