
TIME STEP:
125 = 50us

VOLTAGE STEP:
CH1:  32 = 0.15V
CH2:  32 = 5V
GND	77	128
N	CH1	CH2

0	89	130
1	89	129
2	88	129
3	87	130
4	86	130
5	86	129
6	85	130
7	84	130
8	84	130
9	84	130
10	83	130
11	83	130
12	83	129
13	83	130
14	82	130
15	82	130
16	82	129
17	82	130
18	82	130
19	82	130
20	82	130
21	81	130
22	81	130
23	82	130
24	81	130
25	81	130
26	81	130
27	81	130
28	81	130
29	81	130
30	81	129
31	81	130
32	81	130
33	81	130
34	81	130
35	81	130
36	81	129
37	81	129
38	81	130
39	81	130
40	81	130
41	81	130
42	81	130
43	81	130
44	81	130
45	81	130
46	81	130
47	81	130
48	81	130
49	81	130
50	81	130
51	81	130
52	81	129
53	81	130
54	81	130
55	81	130
56	81	130
57	81	130
58	81	130
59	81	130
60	81	130
61	80	130
62	81	130
63	80	130
64	81	130
65	80	130
66	80	130
67	80	130
68	81	129
69	81	130
70	81	130
71	81	130
72	80	130
73	81	130
74	80	130
75	81	129
76	81	130
77	80	130
78	81	130
79	81	130
80	80	130
81	81	130
82	81	130
83	80	130
84	81	130
85	81	130
86	81	130
87	81	130
88	81	130
89	81	130
90	81	130
91	80	130
92	81	130
93	81	130
94	81	130
95	81	130
96	81	130
97	81	130
98	80	130
99	81	130
100	80	129
101	81	129
102	81	130
103	81	130
104	80	130
105	81	130
106	81	129
107	81	130
108	80	129
109	81	130
110	81	130
111	81	130
112	81	130
113	81	130
114	81	130
115	80	130
116	81	129
117	81	129
118	81	130
119	81	130
120	81	130
121	80	129
122	81	130
123	80	130
124	81	130
125	81	130
126	81	130
127	80	130
128	81	130
129	81	130
130	81	130
131	80	130
132	81	130
133	81	130
134	80	130
135	81	130
136	81	130
137	81	129
138	80	130
139	81	130
140	81	130
141	81	130
142	81	130
143	81	130
144	81	130
145	81	130
146	81	130
147	81	130
148	80	130
149	81	130
150	81	130
151	81	129
152	81	130
153	81	130
154	80	130
155	81	129
156	81	130
157	81	130
158	81	130
159	81	129
160	81	130
161	81	130
162	80	130
163	81	130
164	81	130
165	81	130
166	81	129
167	80	130
168	81	130
169	80	130
170	81	130
171	81	130
172	81	130
173	81	130
174	80	129
175	81	130
176	81	130
177	80	130
178	81	130
179	81	130
180	81	129
181	81	130
182	81	130
183	81	130
184	81	129
185	81	130
186	81	130
187	80	130
188	81	130
189	81	130
190	81	130
191	81	130
192	81	130
193	81	130
194	81	130
195	81	130
196	80	130
197	81	130
198	81	130
199	80	130
200	81	130
201	80	130
202	81	130
203	80	130
204	81	130
205	81	130
206	81	130
207	80	130
208	81	130
209	81	130
210	81	130
211	80	130
212	81	130
213	81	130
214	81	130
215	81	130
216	80	130
217	81	130
218	81	129
219	81	130
220	81	130
221	81	129
222	81	130
223	81	130
224	81	130
225	81	130
226	81	130
227	80	130
228	80	130
229	81	129
230	81	130
231	80	130
232	81	129
233	80	130
234	80	129
235	81	129
236	81	130
237	81	130
238	81	130
239	81	129
240	80	130
241	81	130
242	81	129
243	80	130
244	80	130
245	81	129
246	80	129
247	80	129
248	81	129
249	80	130
250	80	130
251	80	129
252	80	130
253	80	130
254	81	130
255	80	129
256	80	130
257	81	130
258	81	129
259	80	130
260	81	129
261	81	130
262	81	130
263	81	130
264	81	130
265	81	130
266	81	130
267	81	130
268	81	130
269	81	130
270	81	130
271	81	130
272	81	130
273	81	130
274	81	130
275	81	130
276	81	130
277	81	129
278	81	130
279	81	130
280	81	129
281	81	129
282	81	130
283	81	130
284	81	130
285	81	130
286	81	130
287	81	130
288	81	130
289	81	130
290	80	130
291	80	130
292	80	130
293	80	130
294	80	130
295	80	130
296	80	130
297	80	130
298	80	130
299	80	130
300	80	130
301	80	130
302	81	130
303	80	130
304	81	129
305	80	130
306	81	130
307	81	130
308	81	130
309	80	130
310	81	130
311	80	130
312	81	130
313	80	130
314	81	130
315	80	130
316	81	129
317	81	130
318	81	130
319	80	130
320	81	130
321	80	130
322	80	130
323	81	129
324	81	129
325	81	130
326	81	130
327	81	129
328	81	130
329	80	130
330	81	129
331	81	130
332	80	130
333	81	130
334	80	130
335	81	130
336	81	130
337	81	130
338	81	130
339	81	130
340	81	130
341	81	130
342	80	130
343	81	129
344	81	130
345	80	130
346	80	130
347	81	130
348	81	130
349	80	130
350	81	130
351	81	130
352	81	130
353	81	130
354	81	130
355	81	130
356	81	130
357	81	130
358	80	130
359	81	130
360	81	130
361	80	130
362	81	130
363	81	130
364	81	130
365	81	130
366	81	130
367	80	130
368	81	130
369	80	130
370	81	130
371	81	130
372	81	130
373	81	130
374	81	130
375	81	130
376	81	130
377	81	130
378	81	130
379	81	130
380	81	130
381	81	130
382	80	130
383	81	130
384	81	130
385	81	130
386	81	130
387	80	130
388	81	130
389	81	130
390	81	130
391	81	130
392	81	130
393	81	129
394	80	130
395	81	130
396	81	130
397	81	130
398	81	130
399	81	130
400	81	130
401	81	130
402	81	130
403	81	130
404	81	130
405	81	130
406	81	130
407	81	130
408	81	130
409	81	130
410	81	130
411	81	130
412	81	130
413	81	130
414	81	130
415	80	130
416	81	130
417	81	130
418	80	130
419	81	130
420	81	130
421	80	130
422	81	130
423	81	130
424	80	130
425	81	130
426	81	130
427	80	129
428	81	130
429	80	130
430	80	130
431	81	130
432	81	130
433	81	130
434	80	130
435	81	130
436	81	130
437	81	129
438	81	130
439	81	130
440	81	130
441	80	130
442	81	130
443	81	130
444	81	130
445	80	130
446	81	129
447	81	130
448	80	130
449	81	130
450	80	130
451	81	130
452	80	130
453	81	130
454	80	130
455	81	130
456	81	130
457	81	130
458	80	130
459	81	130
460	81	130
461	80	130
462	81	130
463	81	129
464	80	129
465	81	130
466	81	129
467	80	130
468	81	129
469	81	130
470	81	130
471	81	130
472	80	130
473	81	130
474	80	130
475	81	130
476	81	130
477	80	130
478	81	130
479	80	130
480	81	129
481	80	130
482	80	130
483	81	129
484	81	130
485	80	130
486	81	130
487	81	130
488	81	129
489	80	130
490	80	130
491	81	130
492	81	130
493	81	130
494	80	129
495	81	130
496	81	130
497	81	130
498	81	129
499	80	129
500	81	129
501	81	130
502	81	130
503	81	130
504	81	130
505	81	130
506	81	130
507	81	130
508	80	130
509	80	129
510	80	130
511	81	130
512	80	130
513	81	130
514	80	130
515	81	129
516	81	130
517	81	129
518	81	130
519	81	130
520	81	130
521	81	130
522	80	130
523	81	129
524	80	130
525	81	129
526	80	130
527	81	130
528	80	129
529	81	130
530	80	130
531	81	130
532	80	130
533	81	130
534	81	130
535	81	129
536	80	129
537	80	130
538	81	130
539	80	129
540	80	130
541	81	129
542	81	130
543	81	130
544	81	130
545	81	130
546	80	130
547	80	130
548	81	130
549	81	129
550	81	130
551	81	129
552	81	129
553	80	130
554	80	130
555	81	130
556	80	129
557	81	129
558	81	129
559	81	130
560	80	129
561	81	130
562	81	130
563	80	130
564	81	130
565	81	130
566	80	130
567	81	130
568	81	130
569	81	129
570	80	130
571	81	130
572	81	130
573	81	130
574	81	130
575	81	130
576	81	130
577	82	130
578	83	130
579	85	130
580	92	130
581	169	129
582	255	130
583	255	129
584	247	130
585	231	130
586	182	130
587	179	129
588	149	130
589	135	130
590	130	130
591	113	130
592	110	129
593	107	130
594	100	130
595	97	130
596	95	130
597	93	130
598	91	130
599	90	129
600	89	130
601	88	130
602	87	130
603	87	130
604	87	130
605	86	130
606	85	130
607	85	130
608	85	130
609	85	129
610	84	130
611	84	130
612	84	130
613	84	130
614	84	130
615	84	130
616	84	130
617	83	130
618	84	130
619	83	130
620	83	130
621	83	130
622	83	130
623	83	130
624	83	130
625	83	129
626	83	130
627	83	130
628	84	130
629	84	130
630	85	130
631	85	130
632	85	130
633	87	130
634	88	130
635	90	130
636	95	130
637	101	130
638	102	129
639	103	130
640	107	130
641	111	130
642	113	130
643	117	130
644	120	130
645	123	130
646	125	130
647	127	130
648	128	130
649	128	129
650	128	130
651	127	130
652	125	130
653	123	129
654	121	130
655	118	130
656	116	130
657	113	130
658	111	129
659	108	130
660	106	130
661	104	130
662	102	130
663	100	130
664	98	130
665	97	130
666	95	130
667	94	130
668	93	130
669	92	130
670	91	130
671	91	130
672	90	130
673	90	130
674	89	130
675	89	130
676	88	130
677	88	130
678	88	129
679	87	130
680	87	130
681	87	130
682	87	130
683	87	130
684	87	129
685	87	130
686	87	129
687	87	130
688	87	130
689	88	130
690	88	130
691	88	130
692	89	129
693	89	130
694	90	130
695	91	129
696	92	130
697	93	130
698	94	130
699	95	130
700	97	129
701	98	130
702	100	130
703	101	130
704	103	129
705	105	130
706	107	130
707	108	130
708	110	130
709	111	130
710	113	130
711	114	130
712	115	130
713	116	130
714	117	130
715	117	130
716	116	130
717	115	130
718	114	130
719	111	130
720	109	129
721	107	130
722	105	130
723	103	130
724	101	130
725	100	130
726	99	130
727	97	130
728	97	130
729	96	130
730	95	130
731	94	130
732	94	129
733	93	130
734	93	129
735	93	130
736	93	130
737	92	129
738	91	129
739	92	129
740	92	130
741	92	130
742	92	130
743	92	129
744	92	130
745	92	130
746	92	130
747	93	130
748	93	130
749	93	130
750	93	130
751	94	130
752	95	130
753	95	130
754	96	130
755	96	130
756	97	130
757	98	130
758	99	130
759	99	130
760	100	130
761	101	130
762	101	129
763	102	130
764	103	130
765	103	130
766	104	130
767	105	130
768	105	130
769	105	130
770	106	130
771	106	130
772	107	130
773	106	130
774	106	130
775	106	130
776	106	130
777	105	130
778	105	130
779	105	129
780	104	130
781	103	130
782	103	130
783	102	130
784	101	130
785	100	130
786	100	130
787	99	130
788	98	130
789	98	130
790	97	130
791	97	130
792	96	130
793	95	130
794	95	130
795	95	130
796	94	130
797	94	130
798	94	130
799	93	130
800	93	130
801	93	130
802	93	130
803	93	130
804	93	130
805	93	130
806	94	130
807	94	130
808	94	130
809	94	130
810	95	130
811	95	130
812	96	130
813	97	130
814	98	130
815	99	130
816	101	130
817	102	130
818	104	130
819	106	130
820	108	130
821	109	130
822	111	130
823	112	130
824	108	130
825	101	130
826	99	129
827	97	130
828	95	130
829	94	130
830	93	130
831	93	130
832	92	130
833	92	130
834	91	130
835	92	130
836	91	130
837	91	130
838	92	130
839	92	130
840	92	130
841	93	130
842	93	130
843	93	130
844	94	130
845	94	130
846	95	129
847	95	130
848	97	130
849	97	130
850	98	130
851	99	129
852	100	130
853	101	130
854	102	130
855	103	130
856	104	130
857	105	129
858	106	130
859	106	130
860	107	130
861	108	130
862	109	130
863	109	130
864	110	130
865	110	130
866	110	130
867	110	130
868	110	129
869	110	130
870	110	130
871	109	130
872	109	130
873	108	130
874	107	130
875	106	130
876	106	130
877	104	130
878	104	130
879	103	130
880	102	130
881	101	130
882	100	130
883	99	130
884	99	130
885	98	130
886	97	130
887	96	130
888	96	130
889	95	130
890	95	130
891	94	130
892	95	130
893	93	130
894	93	130
895	93	130
896	93	130
897	92	130
898	93	130
899	92	130
900	92	130
901	92	130
902	92	130
903	92	130
904	92	129
905	93	130
906	93	130
907	93	130
908	93	130
909	93	130
910	94	130
911	94	130
912	95	130
913	95	130
914	96	130
915	96	130
916	97	130
917	97	130
918	98	130
919	99	130
920	99	130
921	100	130
922	101	130
923	101	130
924	102	130
925	102	130
926	102	130
927	103	130
928	103	130
929	103	129
930	103	130
931	103	130
932	103	130
933	103	130
934	103	130
935	102	130
936	101	130
937	101	130
938	100	130
939	98	130
940	96	129
941	95	130
942	94	130
943	93	130
944	93	130
945	92	130
946	93	130
947	93	130
948	93	130
949	93	130
950	93	130
951	93	130
952	93	130
953	93	130
954	94	130
955	94	130
956	95	130
957	95	130
958	95	130
959	96	130
960	97	130
961	97	130
962	98	130
963	99	130
964	99	130
965	100	130
966	101	130
967	102	130
968	103	130
969	103	130
970	104	130
971	105	130
972	106	130
973	106	130
974	107	130
975	108	130
976	108	130
977	108	130
978	109	130
979	109	130
980	109	130
981	109	130
982	109	130
983	109	129
984	108	130
985	108	129
986	107	130
987	107	130
988	106	130
989	105	130
990	105	130
991	104	130
992	103	130
993	103	130
994	102	130
995	101	130
996	101	129
997	100	130
998	99	130
999	98	130
1000	98	130
1001	97	130
1002	97	130
1003	96	130
1004	96	129
1005	95	130
1006	94	130
1007	93	130
1008	92	130
1009	91	130
1010	90	130
1011	89	130
1012	89	130
1013	89	129
1014	88	130
1015	88	130
1016	87	130
1017	87	130
1018	87	130
1019	87	130
1020	87	130
1021	87	130
1022	88	130
1023	88	130
1024	88	130
1025	89	130
1026	89	130
1027	90	130
1028	91	130
1029	92	130
1030	93	130
1031	94	130
1032	94	130
1033	95	130
1034	96	130
1035	97	130
1036	97	130
1037	98	130
1038	99	130
1039	100	130
1040	99	130
1041	99	130
1042	99	130
1043	98	130
1044	97	130
1045	96	130
1046	95	130
1047	93	130
1048	91	130
1049	90	129
1050	89	130
1051	88	130
1052	87	130
1053	87	130
1054	86	129
1055	85	130
1056	85	130
1057	84	130
1058	84	130
1059	83	130
1060	83	130
1061	83	130
1062	83	129
1063	83	130
1064	82	130
1065	83	130
1066	82	130
1067	82	130
1068	82	130
1069	82	130
1070	82	130
1071	82	130
1072	82	130
1073	81	130
1074	81	130
1075	81	130
1076	81	130
1077	81	130
1078	81	130
1079	81	130
1080	81	130
1081	81	130
1082	81	130
1083	81	130
1084	81	130
1085	81	130
1086	81	130
1087	81	130
1088	81	130
1089	81	130
1090	81	130
1091	81	130
1092	81	130
1093	81	130
1094	80	130
1095	81	130
1096	81	130
1097	81	130
1098	80	130
1099	81	129
1100	81	130
1101	81	130
1102	81	130
1103	81	130
1104	81	130
1105	80	130
1106	81	130
1107	81	130
1108	80	130
1109	81	130
1110	81	130
1111	81	130
1112	81	130
1113	81	130
1114	81	130
1115	81	130
1116	81	130
1117	81	130
1118	80	130
1119	81	130
1120	81	129
1121	81	130
1122	81	130
1123	81	129
1124	81	129
1125	80	130
1126	81	130
1127	81	130
1128	81	129
1129	80	130
1130	81	129
1131	80	130
1132	81	130
1133	81	130
1134	81	130
1135	80	129
1136	81	130
1137	81	129
1138	80	129
1139	81	129
1140	81	130
1141	80	129
1142	81	130
1143	80	130
1144	81	130
1145	81	130
1146	81	130
1147	81	130
1148	80	130
1149	80	129
1150	80	130
1151	80	129
1152	81	130
1153	81	130
1154	80	130
1155	80	130
1156	81	130
1157	81	130
1158	81	130
1159	80	130
1160	81	130
1161	80	129
1162	80	130
1163	81	130
1164	81	129
1165	81	129
1166	81	129
1167	81	129
1168	81	129
1169	81	130
1170	80	129
1171	81	129
1172	80	129
1173	81	130
1174	80	130
1175	81	130
1176	80	130
1177	81	130
1178	80	130
1179	81	129
1180	81	130
1181	81	130
1182	81	130
1183	81	130
1184	81	130
1185	81	130
1186	81	130
1187	81	130
1188	80	130
1189	81	130
1190	81	130
1191	80	130
1192	81	129
1193	81	129
1194	81	130
1195	81	130
1196	81	129
1197	81	130
1198	81	130
1199	81	130
1200	81	130
1201	81	130
1202	81	130
1203	80	130
1204	81	130
1205	81	130
1206	80	130
1207	80	130
1208	81	130
1209	81	130
1210	80	130
1211	80	130
1212	81	130
1213	80	130
1214	80	130
1215	81	130
1216	80	130
1217	81	130
1218	81	130
1219	81	129
1220	81	129
1221	80	130
1222	80	130
1223	81	130
1224	81	129
1225	81	130
1226	80	130
1227	81	130
1228	81	130
1229	80	130
1230	80	130
1231	81	129
1232	81	129
1233	80	130
1234	81	130
1235	80	130
1236	81	130
1237	80	130
1238	81	129
1239	81	130
1240	81	130
1241	81	129
1242	81	130
1243	81	130
1244	80	130
1245	81	130
1246	80	130
1247	81	130
1248	81	130
1249	81	130
1250	81	130
1251	81	130
1252	81	130
1253	81	130
1254	81	130
1255	81	130
1256	81	130
1257	81	129
1258	81	129
1259	81	130
1260	81	130
1261	81	130
1262	80	130
1263	81	130
1264	81	130
1265	81	130
1266	81	130
1267	81	130
1268	81	129
1269	81	130
1270	81	130
1271	81	130
1272	81	130
1273	81	130
1274	81	130
1275	81	129
1276	80	130
1277	81	130
1278	81	129
1279	80	130
1280	81	130
1281	81	130
1282	81	130
1283	81	130
1284	81	129
1285	80	130
1286	81	130
1287	81	130
1288	81	130
1289	81	130
1290	81	130
1291	81	129
1292	81	130
1293	81	130
1294	80	130
1295	81	130
1296	80	130
1297	80	130
1298	80	129
1299	80	130
1300	80	130
1301	80	130
1302	80	130
1303	81	130
1304	81	130
1305	81	130
1306	81	130
1307	81	130
1308	81	130
1309	81	130
1310	81	130
1311	81	130
1312	81	130
1313	81	130
1314	81	130
1315	81	129
1316	81	130
1317	81	129
1318	81	130
1319	81	130
1320	81	130
1321	81	130
1322	81	130
1323	81	130
1324	81	130
1325	81	130
1326	81	130
1327	81	130
1328	81	130
1329	81	130
1330	81	130
1331	81	129
1332	81	130
1333	81	130
1334	81	130
1335	81	130
1336	80	130
1337	81	130
1338	80	130
1339	81	130
1340	81	130
1341	81	130
1342	80	129
1343	80	130
1344	80	130
1345	81	130
1346	80	130
1347	80	129
1348	80	130
1349	80	130
1350	80	130
1351	80	129
1352	80	130
1353	81	130
1354	80	130
1355	81	130
1356	81	130
1357	80	130
1358	81	130
1359	80	130
1360	81	130
1361	81	130
1362	81	130
1363	81	130
1364	80	130
1365	81	130
1366	81	130
1367	81	130
1368	81	130
1369	81	130
1370	81	130
1371	81	130
1372	81	130
1373	81	130
1374	81	130
1375	81	130
1376	81	130
1377	81	130
1378	81	130
1379	81	130
1380	81	130
1381	81	130
1382	81	130
1383	81	130
1384	81	130
1385	80	130
1386	81	130
1387	80	130
1388	81	129
1389	81	130
1390	81	130
1391	80	130
1392	81	129
1393	81	130
1394	81	130
1395	81	130
1396	81	130
1397	80	130
1398	81	130
1399	81	130
1400	81	130
1401	80	130
1402	80	130
1403	81	130
1404	81	130
1405	80	130
1406	81	130
1407	81	130
1408	81	130
1409	81	130
1410	81	129
1411	81	130
1412	80	129
1413	81	130
1414	81	130
1415	80	130
1416	81	130
1417	81	130
1418	81	130
1419	81	130
1420	81	130
1421	80	130
1422	81	130
1423	81	130
1424	81	130
1425	80	130
1426	81	130
1427	81	130
1428	81	130
1429	81	130
1430	81	130
1431	80	130
1432	81	129
1433	81	129
1434	81	129
1435	81	130
1436	80	130
1437	81	129
1438	80	130
1439	81	130
1440	81	130
1441	81	130
1442	81	130
1443	81	130
1444	80	130
1445	81	130
1446	81	130
1447	80	130
1448	81	130
1449	81	130
1450	80	130
1451	81	129
1452	80	129
1453	81	130
1454	80	130
1455	81	130
1456	81	130
1457	81	130
1458	80	130
1459	80	130
1460	81	130
1461	81	130
1462	81	130
1463	81	130
1464	81	130
1465	81	130
1466	81	130
1467	81	130
1468	81	130
1469	81	130
1470	81	130
1471	81	129
1472	81	130
1473	81	130
1474	81	130
1475	81	130
1476	81	130
1477	81	130
1478	81	130
1479	81	130
1480	81	130
1481	81	130
1482	81	130
1483	81	130
1484	80	130
1485	81	130
1486	81	130
1487	81	130
1488	81	130
1489	81	130
1490	81	130
1491	80	130
1492	81	130
1493	81	130
1494	81	130
1495	81	129
1496	81	130
1497	80	130
1498	81	130
1499	81	130
1500	81	130
1501	81	130
1502	81	130
1503	80	130
1504	81	130
1505	81	130
1506	81	130
1507	81	130
1508	81	130
1509	80	130
1510	81	130
1511	81	130
1512	81	130
1513	80	130
1514	81	130
1515	81	130
1516	81	130
1517	81	130
1518	81	130
1519	81	130
1520	81	130
1521	81	130
1522	81	130
1523	81	130
1524	80	130
1525	81	130
1526	80	130
1527	81	130
1528	81	130
1529	81	129
1530	80	130
1531	81	130
1532	81	130
1533	81	130
1534	81	130
1535	80	130
1536	81	130
1537	80	130
1538	80	130
1539	81	130
1540	81	130
1541	81	130
1542	81	130
1543	81	129
1544	81	130
1545	81	130
1546	81	130
1547	81	130
1548	81	130
1549	81	130
1550	81	130
1551	81	130
1552	81	130
1553	81	130
1554	81	130
1555	81	130
1556	81	130
1557	81	130
1558	80	130
1559	81	129
1560	81	130
1561	81	130
1562	81	130
1563	81	130
1564	81	130
1565	81	130
1566	81	130
1567	80	129
1568	81	130
1569	81	130
1570	81	130
1571	80	130
1572	81	130
1573	80	130
1574	81	130
1575	81	130
1576	81	130
1577	81	130
1578	81	130
1579	81	130
1580	80	130
1581	81	129
1582	81	130
1583	81	130
1584	81	130
1585	81	130
1586	81	130
1587	81	130
1588	81	130
1589	81	130
1590	81	129
1591	81	130
1592	81	130
1593	81	130
1594	81	130
1595	81	130
1596	81	130
1597	81	130
1598	80	130
1599	80	130
1600	80	130
1601	81	130
1602	80	130
1603	81	129
1604	80	130
1605	81	130
1606	80	130
1607	81	130
1608	80	130
1609	81	129
1610	81	130
1611	81	130
1612	81	130
1613	80	130
1614	80	130
1615	81	130
1616	81	130
1617	81	130
1618	81	130
1619	82	130
1620	83	130
1621	85	130
1622	93	130
1623	180	130
1624	255	130
1625	255	130
1626	255	130
1627	244	130
1628	196	130
1629	189	130
1630	153	129
1631	139	130
1632	130	130
1633	113	130
1634	109	130
1635	105	130
1636	98	130
1637	96	130
1638	93	130
1639	91	129
1640	89	130
1641	88	130
1642	87	130
1643	87	130
1644	86	130
1645	86	130
1646	85	130
1647	85	129
1648	84	130
1649	84	130
1650	84	130
1651	84	130
1652	83	130
1653	83	130
1654	83	130
1655	83	130
1656	83	130
1657	83	130
1658	83	130
1659	82	130
1660	83	130
1661	82	130
1662	82	130
1663	82	130
1664	82	130
1665	82	130
1666	82	130
1667	82	130
1668	82	130
1669	82	130
1670	82	130
1671	82	130
1672	82	130
1673	82	130
1674	82	130
1675	82	130
1676	82	130
1677	82	129
1678	83	130
1679	83	130
1680	83	130
1681	83	130
1682	84	130
1683	85	130
1684	87	129
1685	91	130
1686	105	130
1687	116	130
1688	109	130
1689	117	130
1690	126	130
1691	125	130
1692	133	130
1693	135	130
1694	135	130
1695	140	129
1696	137	130
1697	137	130
1698	136	130
1699	131	130
1700	129	130
1701	125	130
1702	121	130
1703	118	130
1704	114	129
1705	111	130
1706	107	130
1707	105	130
1708	102	130
1709	100	130
1710	98	130
1711	97	129
1712	95	130
1713	94	129
1714	92	130
1715	91	129
1716	90	130
1717	90	130
1718	89	129
1719	89	130
1720	88	130
1721	88	130
1722	87	129
1723	87	130
1724	87	130
1725	87	130
1726	86	130
1727	86	130
1728	86	129
1729	86	130
1730	86	130
1731	86	130
1732	86	130
1733	85	130
1734	86	130
1735	86	130
1736	86	130
1737	86	130
1738	86	130
1739	87	129
1740	87	130
1741	87	130
1742	88	130
1743	89	130
1744	90	130
1745	92	129
1746	94	130
1747	95	130
1748	96	130
1749	98	130
1750	100	130
1751	102	129
1752	104	130
1753	107	130
1754	109	130
1755	111	130
1756	113	130
1757	115	130
1758	117	130
1759	119	130
1760	120	130
1761	121	130
1762	121	130
1763	121	130
1764	120	130
1765	118	130
1766	116	130
1767	114	130
1768	112	130
1769	109	130
1770	108	130
1771	106	130
1772	104	130
1773	103	130
1774	101	130
1775	100	130
1776	99	130
1777	98	130
1778	97	130
1779	96	130
1780	95	129
1781	94	130
1782	94	130
1783	93	130
1784	92	130
1785	92	130
1786	91	130
1787	91	130
1788	91	130
1789	91	129
1790	90	130
1791	90	130
1792	90	130
1793	90	130
1794	90	130
1795	90	130
1796	90	129
1797	90	130
1798	90	130
1799	90	130
1800	90	130
1801	91	130
1802	91	130
1803	91	130
1804	92	130
1805	92	130
1806	93	130
1807	94	130
1808	94	129
1809	95	130
1810	96	130
1811	96	130
1812	97	130
1813	98	129
1814	99	130
1815	99	129
1816	100	130
1817	101	130
1818	101	130
1819	102	129
1820	102	130
1821	103	129
1822	103	130
1823	104	130
1824	104	130
1825	105	130
1826	106	130
1827	106	130
1828	107	130
1829	107	130
1830	107	130
1831	108	129
1832	108	130
1833	108	130
1834	108	129
1835	108	130
1836	107	130
1837	107	130
1838	107	130
1839	106	129
1840	105	130
1841	105	129
1842	104	130
1843	103	130
1844	103	130
1845	102	130
1846	101	130
1847	100	129
1848	100	130
1849	99	130
1850	98	130
1851	97	130
1852	97	130
1853	96	130
1854	96	130
1855	95	129
1856	95	130
1857	94	130
1858	94	130
1859	93	130
1860	93	129
1861	93	130
1862	93	130
1863	93	130
1864	92	130
1865	92	129
1866	92	130
1867	92	130
1868	92	130
1869	92	130
1870	92	130
1871	92	130
1872	93	130
1873	93	130
1874	93	130
1875	93	130
1876	94	129
1877	94	130
1878	95	130
1879	95	129
1880	96	129
1881	96	130
1882	97	130
1883	97	130
1884	98	130
1885	98	130
1886	99	130
1887	100	130
1888	101	130
1889	101	130
1890	102	130
1891	103	130
1892	103	130
1893	104	130
1894	104	129
1895	105	130
1896	106	130
1897	106	130
1898	106	130
1899	107	130
1900	107	130
1901	107	130
1902	107	130
1903	107	130
1904	107	130
1905	107	130
1906	106	130
1907	105	130
1908	105	130
1909	105	130
1910	104	130
1911	103	130
1912	103	130
1913	103	130
1914	102	130
1915	101	130
1916	101	130
1917	100	130
1918	99	130
1919	99	130
1920	98	130
1921	97	130
1922	97	130
1923	96	130
1924	96	130
1925	96	130
1926	95	130
1927	95	130
1928	95	130
1929	94	130
1930	94	130
1931	94	130
1932	94	130
1933	93	130
1934	93	130
1935	93	130
1936	93	130
1937	93	130
1938	93	130
1939	93	130
1940	93	130
1941	93	130
1942	93	130
1943	93	130
1944	93	130
1945	94	130
1946	93	130
1947	94	130
1948	94	130
1949	94	130
1950	94	130
1951	94	130
1952	95	130
1953	94	130
1954	96	130
1955	96	130
1956	96	130
1957	97	130
1958	98	130
1959	99	130
1960	99	130
1961	100	130
1962	101	130
1963	102	130
1964	103	130
1965	103	130
1966	105	129
1967	105	130
1968	106	130
1969	107	130
1970	107	130
1971	108	130
1972	108	130
1973	108	130
1974	108	130
1975	109	130
1976	108	130
1977	108	129
1978	108	130
1979	107	130
1980	107	129
1981	106	130
1982	105	130
1983	105	130
1984	104	130
1985	103	130
1986	102	130
1987	101	129
1988	101	130
1989	100	130
1990	99	130
1991	98	130
1992	98	130
1993	97	130
1994	97	130
1995	96	130
1996	95	130
1997	95	130
1998	95	130
1999	94	130
2000	94	130
2001	93	130
2002	93	130
2003	93	130
2004	93	130
2005	93	130
2006	92	130
2007	93	130
2008	92	130
2009	92	130
2010	92	130
2011	93	130
2012	92	130
2013	93	130
2014	93	129
2015	93	130
2016	93	130
2017	94	130
2018	94	130
2019	95	130
2020	95	130
2021	95	130
2022	96	130
2023	97	130
2024	97	130
2025	98	130
2026	99	130
2027	99	130
2028	100	130
2029	100	130
2030	102	130
2031	102	130
2032	103	130
2033	104	130
2034	104	130
2035	104	130
2036	105	130
2037	105	130
2038	106	130
2039	106	129
2040	107	130
2041	107	129
2042	107	129
2043	107	130
2044	106	130
2045	106	130
2046	106	130
2047	105	130
2048	105	130
2049	104	130
2050	104	130
2051	103	130
2052	102	130
2053	101	130
2054	101	130
2055	101	130
2056	100	130
2057	99	130
2058	98	130
2059	98	130
2060	98	130
2061	97	130
2062	96	130
2063	96	130
2064	95	129
2065	95	130
2066	94	130
2067	95	130
2068	94	130
2069	94	129
2070	94	130
2071	95	130
2072	93	130
2073	93	130
2074	94	130
2075	94	130
2076	94	130
2077	94	130
2078	93	130
2079	93	130
2080	92	130
2081	92	130
2082	92	130
2083	92	130
2084	92	130
2085	92	130
2086	91	130
2087	91	130
2088	90	130
2089	90	130
2090	89	130
2091	89	130
2092	88	130
2093	88	130
2094	87	130
2095	86	130
2096	86	130
2097	85	130
2098	85	130
2099	84	130
2100	84	130
2101	83	130
2102	83	130
2103	83	130
2104	83	130
2105	83	130
2106	83	130
2107	83	130
2108	82	130
2109	82	130
2110	82	130
2111	82	130
2112	82	130
2113	82	130
2114	82	130
2115	82	130
2116	81	130
2117	81	130
2118	81	130
2119	81	130
2120	81	130
2121	81	130
2122	81	130
2123	81	130
2124	81	130
2125	81	130
2126	81	130
2127	81	130
2128	81	130
2129	81	130
2130	81	130
2131	81	130
2132	81	130
2133	81	130
2134	81	130
2135	81	130
2136	81	129
2137	81	130
2138	80	130
2139	81	130
2140	81	129
2141	81	130
2142	80	129
2143	81	130
2144	80	130
2145	81	130
2146	80	130
2147	81	130
2148	80	130
2149	81	129
2150	81	130
2151	81	130
2152	81	130
2153	81	130
2154	80	130
2155	81	130
2156	81	129
2157	81	130
2158	81	130
2159	81	130
2160	81	130
2161	80	130
2162	81	130
2163	81	130
2164	81	129
2165	81	130
2166	81	130
2167	81	130
2168	80	130
2169	81	130
2170	80	130
2171	80	130
2172	81	130
2173	81	130
2174	80	130
2175	80	129
2176	81	129
2177	81	129
2178	80	130
2179	81	130
2180	81	130
2181	81	130
2182	81	130
2183	81	130
2184	81	130
2185	80	130
2186	81	130
2187	81	130
2188	81	130
2189	81	130
2190	81	130
2191	81	130
2192	81	130
2193	81	130
2194	81	130
2195	81	130
2196	81	130
2197	81	130
2198	81	130
2199	81	130
2200	81	130
2201	81	130
2202	80	130
2203	80	130
2204	80	130
2205	81	130
2206	81	129
2207	81	130
2208	81	130
2209	81	130
2210	81	130
2211	81	130
2212	81	130
2213	81	130
2214	81	130
2215	81	130
2216	81	130
2217	81	130
2218	81	130
2219	81	130
2220	81	130
2221	81	130
2222	81	130
2223	81	130
2224	81	130
2225	81	130
2226	81	130
2227	81	130
2228	81	129
2229	81	130
2230	81	130
2231	81	130
2232	81	130
2233	81	130
2234	81	130
2235	81	130
2236	81	130
2237	81	130
2238	80	130
2239	81	130
2240	81	129
2241	81	130
2242	81	130
2243	81	130
2244	80	130
2245	81	130
2246	80	130
2247	81	130
2248	81	130
2249	81	130
2250	81	130
2251	81	130
2252	81	130
2253	80	130
2254	80	130
2255	81	130
2256	81	130
2257	81	130
2258	80	130
2259	81	130
2260	81	130
2261	80	130
2262	81	129
2263	81	130
2264	81	129
2265	81	130
2266	80	129
2267	80	129
2268	81	130
2269	80	130
2270	81	130
2271	81	130
2272	81	130
2273	81	130
2274	81	129
2275	81	130
2276	81	130
2277	80	130
2278	81	130
2279	80	129
2280	81	130
2281	80	130
2282	81	130
2283	80	129
2284	80	130
2285	81	130
2286	81	130
2287	81	129
2288	80	129
2289	81	129
2290	81	129
2291	81	129
2292	81	130
2293	81	130
2294	80	130
2295	81	130
2296	80	130
2297	81	130
2298	81	130
2299	81	130
2300	81	129
2301	80	130
2302	81	130
2303	80	129
2304	81	129
2305	80	129
2306	80	129
2307	81	129
2308	81	130
2309	81	130
2310	80	130
2311	81	130
2312	80	130
2313	80	130
2314	81	130
2315	81	130
2316	81	130
2317	81	130
2318	81	130
2319	81	130
2320	81	130
2321	81	130
2322	81	130
2323	81	130
2324	81	130
2325	80	129
2326	81	129
2327	81	130
2328	80	130
2329	81	130
2330	81	130
2331	80	130
2332	81	130
2333	81	130
2334	80	130
2335	81	130
2336	81	129
2337	81	130
2338	81	130
2339	81	130
2340	80	130
2341	80	130
2342	80	130
2343	80	130
2344	81	130
2345	81	130
2346	80	130
2347	81	130
2348	80	130
2349	81	130
2350	80	129
2351	81	130
2352	81	130
2353	80	129
2354	81	130
2355	81	129
2356	81	130
2357	81	130
2358	81	130
2359	81	130
2360	81	130
2361	81	130
2362	81	130
2363	81	130
2364	81	130
2365	81	129
2366	81	130
2367	81	130
2368	81	130
2369	81	130
2370	81	130
2371	81	130
2372	81	130
2373	81	129
2374	81	130
2375	81	130
2376	81	130
2377	81	130
2378	81	130
2379	81	130
2380	81	130
2381	81	130
2382	81	130
2383	80	130
2384	81	130
2385	81	130
2386	80	130
2387	81	130
2388	81	129
2389	80	130
2390	81	130
2391	81	130
2392	81	130
2393	81	130
2394	81	130
2395	81	129
2396	80	130
2397	80	130
2398	81	130
2399	80	130
2400	80	130
2401	81	130
2402	80	130
2403	80	130
2404	81	130
2405	81	130
2406	80	130
2407	81	130
2408	80	130
2409	81	130
2410	81	130
2411	81	130
2412	81	130
2413	81	130
2414	81	130
2415	80	130
2416	81	130
2417	81	130
2418	81	130
2419	81	130
2420	81	130
2421	80	130
2422	81	130
2423	80	130
2424	81	129
2425	81	130
2426	81	130
2427	81	130
2428	81	130
2429	81	130
2430	81	130
2431	81	130
2432	80	130
2433	81	130
2434	81	130
2435	81	130
2436	81	130
2437	81	130
2438	81	130
2439	81	130
2440	81	130
2441	80	130
2442	81	130
2443	81	130
2444	81	130
2445	81	130
2446	81	130
2447	80	129
2448	81	130
2449	80	130
2450	81	129
2451	80	130
2452	81	130
2453	81	130
2454	81	130
2455	81	129
2456	81	130
2457	81	130
2458	81	130
2459	80	130
2460	81	130
2461	80	130
2462	81	130
2463	81	130
2464	81	130
2465	81	130
2466	81	130
2467	81	130
2468	81	130
2469	81	130
2470	81	130
2471	80	130
2472	81	130
2473	81	130
2474	81	130
2475	80	130
2476	81	130
2477	81	130
2478	81	130
2479	81	130
2480	81	130
2481	81	130
2482	81	130
2483	81	130
2484	81	130
2485	81	130
2486	81	130
2487	81	130
2488	81	130
2489	81	130
2490	81	130
2491	81	130
2492	80	130
2493	81	130
2494	80	130
2495	81	130
2496	81	130
2497	81	130
2498	81	130
2499	80	130
2500	81	130
2501	81	130
2502	80	130
2503	81	130
2504	81	130
2505	81	130
2506	81	130
2507	81	130
2508	81	130
2509	81	130
2510	81	130
2511	81	129
2512	81	130
2513	81	130
2514	81	130
2515	81	130
2516	81	130
2517	80	130
2518	81	130
2519	81	130
2520	81	130
2521	81	129
2522	81	130
2523	80	130
2524	81	130
2525	81	130
2526	81	129
2527	81	130
2528	81	130
2529	81	130
2530	81	130
2531	81	129
2532	80	130
2533	81	130
2534	81	130
2535	81	130
2536	81	130
2537	81	130
2538	81	130
2539	81	130
2540	81	130
2541	80	130
2542	80	130
2543	80	130
2544	81	130
2545	81	130
2546	81	130
2547	81	130
2548	81	130
2549	81	130
2550	81	130
2551	81	130
2552	81	130
2553	81	130
2554	81	130
2555	81	130
2556	81	130
2557	80	130
2558	81	130
2559	81	130
2560	81	130
2561	80	130
2562	81	130
2563	81	129
2564	81	130
2565	81	130
2566	81	130
2567	80	130
2568	80	130
2569	81	130
2570	80	130
2571	81	130
2572	81	130
2573	81	130
2574	80	130
2575	81	130
2576	81	130
2577	81	130
2578	81	130
2579	81	130
2580	81	130
2581	81	130
2582	81	130
2583	81	130
2584	80	130
2585	81	130
2586	80	130
2587	80	130
2588	81	130
2589	81	130
2590	80	130
2591	81	130
2592	81	130
2593	80	130
2594	81	129
2595	81	129
2596	81	129
2597	81	130
2598	80	130
2599	81	130
2600	80	130
2601	80	129
2602	81	130
2603	81	130
2604	80	130
2605	81	130
2606	81	130
2607	81	130
2608	80	130
2609	81	130
2610	81	130
2611	81	130
2612	81	129
2613	80	130
2614	81	130
2615	80	130
2616	81	130
2617	81	130
2618	81	130
2619	81	130
2620	81	130
2621	80	130
2622	81	130
2623	80	130
2624	81	130
2625	81	130
2626	81	130
2627	80	130
2628	81	130
2629	81	130
2630	81	130
2631	81	130
2632	81	130
2633	81	129
2634	81	130
2635	81	130
2636	80	130
2637	81	129
2638	81	130
2639	81	130
2640	80	130
2641	80	130
2642	81	129
2643	80	130
2644	81	130
2645	81	130
2646	81	130
2647	81	129
2648	81	130
2649	80	130
2650	81	130
2651	81	130
2652	81	130
2653	81	130
2654	81	130
2655	81	130
2656	80	130
2657	81	130
2658	80	130
2659	81	130
2660	80	130
2661	81	130
2662	81	130
2663	81	130
2664	81	129
2665	81	130
2666	82	129
2667	84	130
2668	87	130
2669	108	130
2670	231	130
2671	255	130
2672	249	129
2673	255	130
2674	209	130
2675	181	130
2676	168	130
2677	136	130
2678	132	130
2679	119	130
2680	107	130
2681	107	130
2682	102	130
2683	97	130
2684	95	130
2685	93	129
2686	91	130
2687	90	130
2688	89	130
2689	88	130
2690	87	129
2691	87	130
2692	86	129
2693	86	130
2694	85	130
2695	85	130
2696	85	130
2697	84	130
2698	84	130
2699	84	129
2700	84	130
2701	84	130
2702	84	130
2703	83	130
2704	83	130
2705	83	130
2706	83	130
2707	83	130
2708	83	130
2709	83	130
2710	83	130
2711	83	130
2712	83	130
2713	83	129
2714	83	130
2715	83	130
2716	83	130
2717	83	130
2718	84	130
2719	84	130
2720	84	130
2721	85	130
2722	86	130
2723	87	130
2724	89	130
2725	93	130
2726	100	130
2727	103	130
2728	103	130
2729	107	130
2730	112	130
2731	114	130
2732	118	130
2733	121	130
2734	124	130
2735	127	130
2736	128	130
2737	129	130
2738	130	130
2739	129	130
2740	128	130
2741	127	130
2742	124	130
2743	121	130
2744	119	130
2745	116	130
2746	113	130
2747	110	130
2748	108	130
2749	105	130
2750	103	130
2751	101	130
2752	99	130
2753	98	130
2754	96	130
2755	95	130
2756	94	130
2757	93	129
2758	91	130
2759	91	130
2760	90	130
2761	90	130
2762	89	129
2763	89	130
2764	88	130
2765	88	130
2766	88	130
2767	88	130
2768	87	130
2769	87	130
2770	87	130
2771	87	130
2772	87	130
2773	87	130
2774	87	130
2775	87	130
2776	87	130
2777	87	130
2778	87	130
2779	88	130
2780	88	130
2781	88	130
2782	89	129
2783	89	130
2784	91	130
2785	92	129
2786	93	130
2787	94	130
2788	95	130
2789	97	130
2790	99	130
2791	100	130
2792	102	130
2793	104	130
2794	106	130
2795	108	130
2796	110	130
2797	112	130
2798	113	130
2799	115	130
2800	116	130
2801	118	130
2802	118	129
2803	119	130
2804	119	130
2805	119	130
2806	118	130
2807	117	130
2808	116	130
2809	115	130
2810	113	129
2811	112	130
2812	110	130
2813	108	130
2814	107	130
2815	105	130
2816	103	130
2817	102	130
2818	100	130
2819	98	130
2820	98	130
2821	96	130
2822	95	129
2823	94	130
2824	93	130
2825	92	130
2826	92	130
2827	91	129
2828	91	130
2829	90	130
2830	90	130
2831	89	130
2832	89	130
2833	89	130
2834	89	130
2835	88	130
2836	88	130
2837	88	130
2838	88	130
2839	88	130
2840	88	130
2841	88	130
2842	88	130
2843	88	130
2844	88	130
2845	88	130
2846	89	130
2847	89	130
2848	89	130
2849	90	130
2850	90	130
2851	91	130
2852	92	130
2853	93	129
2854	94	130
2855	95	130
2856	95	130
2857	97	130
2858	98	130
2859	99	130
2860	101	129
2861	102	130
2862	103	130
2863	105	130
2864	106	130
2865	107	130
2866	109	130
2867	110	130
2868	111	129
2869	112	130
2870	112	130
2871	113	130
2872	113	129
2873	113	130
2874	113	130
2875	113	130
2876	112	130
2877	112	130
2878	111	130
2879	110	130
2880	109	130
2881	108	129
2882	107	130
2883	105	130
2884	104	130
2885	103	130
2886	102	130
2887	101	130
2888	100	130
2889	99	130
2890	98	130
2891	97	130
2892	96	130
2893	96	130
2894	95	130
2895	94	130
2896	94	130
2897	93	130
2898	93	130
2899	92	130
2900	92	130
2901	92	130
2902	91	130
2903	91	130
2904	91	129
2905	91	130
2906	91	130
2907	91	130
2908	91	130
2909	91	130
2910	91	130
2911	91	130
2912	91	130
2913	92	130
2914	92	130
2915	93	130
2916	93	130
2917	93	130
2918	94	130
2919	95	130
2920	95	130
2921	96	130
2922	97	130
2923	98	130
2924	98	130
2925	99	130
2926	100	130
2927	101	130
2928	102	130
2929	103	130
2930	104	130
2931	105	130
2932	105	130
2933	106	130
2934	107	130
2935	108	129
2936	108	129
2937	109	129
2938	109	130
2939	109	130
2940	109	129
2941	109	130
2942	109	129
2943	108	130
2944	108	130
2945	107	130
2946	106	130
2947	106	130
2948	105	129
2949	104	130
2950	103	130
2951	103	130
2952	102	130
2953	101	130
2954	100	130
2955	99	130
2956	99	130
2957	98	130
2958	97	130
2959	97	130
2960	96	130
2961	95	130
2962	95	130
2963	94	130
2964	94	130
2965	94	130
2966	93	130
2967	93	130
2968	93	130
2969	92	130
2970	92	130
2971	92	130
2972	91	130
2973	92	129
2974	92	130
2975	92	130
2976	92	130
2977	92	130
2978	92	130
2979	92	130
2980	92	130
2981	93	130
2982	93	130
2983	93	130
2984	93	129
2985	94	130
2986	94	130
2987	95	130
2988	95	130
2989	96	130
2990	96	130
2991	97	130
2992	97	130
2993	98	130
2994	99	129
2995	99	130
2996	99	130
2997	100	130
2998	100	130
2999	101	130
3000	101	129
3001	102	130
3002	103	130
3003	103	130
3004	104	130
3005	104	130
3006	105	130
3007	105	130
3008	105	130
3009	106	130
3010	106	130
3011	106	130
3012	106	130
3013	106	130
3014	106	130
3015	105	130
3016	105	130
3017	105	130
3018	104	130
3019	104	129
3020	104	130
3021	103	130
3022	103	130
3023	102	130
3024	101	130
3025	101	130
3026	100	130
3027	100	130
3028	99	130
3029	99	130
3030	98	130
3031	98	130
3032	97	130
3033	97	130
3034	96	130
3035	96	130
3036	96	130
3037	96	129
3038	95	130
3039	95	130
3040	95	130
3041	95	130
3042	94	130
3043	94	130
3044	94	130
3045	94	130
3046	94	130
3047	94	130
3048	95	130
3049	95	130
3050	95	130
3051	95	130
3052	95	130
3053	95	130
3054	95	130
3055	96	130
3056	96	130
3057	96	130
3058	97	130
3059	97	130
3060	98	130
3061	98	130
3062	98	130
3063	99	130
3064	99	130
3065	100	130
3066	100	130
3067	101	130
3068	101	130
3069	102	130
3070	102	129
3071	102	130
3072	103	130
3073	103	130
3074	103	130
3075	103	130
3076	104	130
3077	104	130
3078	104	130
3079	104	130
3080	104	130
3081	103	130
3082	104	130
3083	103	130
3084	103	130
3085	103	130
3086	103	130
3087	102	130
3088	102	130
3089	101	130
3090	101	130
3091	101	130
3092	100	130
3093	100	130
3094	99	130
3095	99	130
3096	99	130
3097	98	130
3098	98	130
3099	97	130
3100	97	130
3101	97	130
3102	97	129
3103	97	130
3104	96	129
3105	96	130
3106	96	130
3107	96	130
3108	96	130
3109	95	129
3110	95	130
3111	96	130
3112	95	130
3113	95	130
3114	95	130
3115	96	130
3116	95	130
3117	97	130
3118	95	130
3119	96	130
3120	97	130
3121	97	130
3122	97	130
3123	97	129
3124	97	130
3125	97	130
3126	96	130
3127	96	130
3128	96	129
3129	95	130
3130	95	130
3131	95	130
3132	94	130
3133	93	130
3134	93	130
3135	92	130
3136	91	130
3137	90	130
3138	89	130
3139	88	130
3140	87	130
3141	87	130
3142	86	130
3143	85	130
3144	85	130
3145	84	130
3146	84	129
3147	84	130
3148	84	130
3149	83	130
3150	83	130
3151	83	130
3152	83	130
3153	83	130
3154	82	130
3155	82	130
3156	82	130
3157	82	130
3158	82	130
3159	81	130
3160	82	130
3161	81	130
3162	81	130
3163	81	130
3164	81	130
3165	81	130
3166	81	130
3167	81	130
3168	81	130
3169	81	130
3170	81	130
3171	81	130
3172	81	130
3173	81	130
3174	81	130
3175	81	130
3176	81	130
3177	81	130
3178	81	130
3179	81	130
3180	81	130
3181	81	130
3182	81	130
3183	81	130
3184	81	130
3185	81	130
3186	81	130
3187	81	130
3188	81	130
3189	81	130
3190	81	130
3191	81	130
3192	81	130
3193	81	130
3194	81	130
3195	81	130
3196	81	130
3197	81	130
3198	81	130
3199	81	130
3200	81	130
3201	81	130
3202	81	130
3203	81	130
3204	81	130
3205	81	130
3206	81	130
3207	81	130
3208	81	130
3209	81	130
3210	80	130
3211	80	130
3212	81	130
3213	80	130
3214	80	130
3215	80	129
3216	81	130
3217	81	130
3218	80	130
3219	80	130
3220	81	130
3221	81	130
3222	81	130
3223	81	130
3224	81	130
3225	80	130
3226	81	130
3227	81	130
3228	81	130
3229	81	130
3230	81	130
3231	81	130
3232	81	130
3233	81	130
3234	81	130
3235	80	130
3236	81	130
3237	81	130
3238	80	129
3239	81	130
3240	81	130
3241	81	130
3242	81	130
3243	80	130
3244	81	130
3245	80	130
3246	81	130
3247	81	130
3248	80	129
3249	80	130
3250	81	130
3251	80	130
3252	81	130
3253	81	129
3254	81	130
3255	81	130
3256	81	130
3257	81	130
3258	81	130
3259	81	130
3260	81	130
3261	81	129
3262	81	129
3263	81	130
3264	81	130
3265	81	130
3266	81	130
3267	81	130
3268	81	130
3269	81	130
3270	81	130
3271	81	130
3272	81	130
3273	81	130
3274	81	129
3275	81	130
3276	80	129
3277	81	130
3278	81	130
3279	81	129
3280	81	130
3281	80	130
3282	81	129
3283	81	130
3284	80	130
3285	81	130
3286	81	130
3287	81	130
3288	81	130
3289	81	130
3290	81	130
3291	80	130
3292	81	130
3293	81	130
3294	81	130
3295	81	130
3296	81	130
3297	81	130
3298	81	130
3299	81	130
3300	81	130
3301	81	130
3302	81	130
3303	81	130
3304	81	130
3305	80	130
3306	81	130
3307	81	130
3308	81	130
3309	81	130
3310	81	130
3311	81	130
3312	81	130
3313	80	130
3314	81	130
3315	81	130
3316	80	130
3317	81	130
3318	81	130
3319	81	130
3320	80	130
3321	81	130
3322	81	130
3323	81	129
3324	80	130
3325	80	130
3326	81	129
3327	81	130
3328	81	130
3329	81	130
3330	81	129
3331	80	130
3332	81	130
3333	81	130
3334	81	130
3335	81	130
3336	81	130
3337	81	130
3338	81	130
3339	81	130
3340	81	130
3341	81	130
3342	81	130
3343	80	130
3344	81	130
3345	81	130
3346	81	130
3347	81	130
3348	81	130
3349	81	130
3350	81	130
3351	81	130
3352	80	130
3353	81	130
3354	80	130
3355	81	130
3356	81	130
3357	81	130
3358	80	130
3359	80	130
3360	80	130
3361	81	130
3362	81	130
3363	81	130
3364	81	130
3365	81	130
3366	81	130
3367	81	130
3368	81	130
3369	81	130
3370	81	130
3371	81	130
3372	80	130
3373	81	130
3374	81	130
3375	81	130
3376	81	129
3377	81	130
3378	79	130
3379	81	130
3380	81	130
3381	81	130
3382	81	130
3383	81	130
3384	81	129
3385	80	130
3386	80	130
3387	80	130
3388	80	130
3389	81	130
3390	80	130
3391	80	130
3392	81	130
3393	80	130
3394	81	130
3395	81	130
3396	81	130
3397	81	130
3398	81	130
3399	81	130
3400	81	130
3401	81	130
3402	81	129
3403	81	130
3404	81	130
3405	81	130
3406	81	130
3407	81	130
3408	81	129
3409	81	130
3410	81	130
3411	81	130
3412	81	130
3413	81	130
3414	81	130
3415	81	130
3416	81	130
3417	81	130
3418	81	130
3419	81	130
3420	81	129
3421	81	130
3422	81	130
3423	81	130
3424	81	130
3425	81	130
3426	80	130
3427	81	130
3428	80	129
3429	81	130
3430	80	130
3431	80	130
3432	80	130
3433	80	130
3434	80	130
3435	80	130
3436	80	129
3437	80	129
3438	81	129
3439	80	129
3440	81	130
3441	80	130
3442	80	130
3443	80	130
3444	80	129
3445	81	130
3446	80	130
3447	80	130
3448	80	130
3449	80	129
3450	81	130
3451	81	130
3452	80	130
3453	81	130
3454	81	130
3455	81	130
3456	81	130
3457	81	130
3458	80	130
3459	81	130
3460	80	130
3461	81	130
3462	81	130
3463	81	130
3464	80	130
3465	81	130
3466	80	130
3467	81	129
3468	81	130
3469	81	130
3470	80	130
3471	81	130
3472	81	130
3473	81	130
3474	80	130
3475	81	130
3476	81	130
3477	81	130
3478	81	130
3479	81	130
3480	81	130
3481	81	130
3482	81	130
3483	81	130
3484	81	130
3485	81	130
3486	81	130
3487	80	130
3488	81	130
3489	81	130
3490	81	130
3491	81	130
3492	81	130
3493	81	130
3494	81	130
3495	81	130
3496	81	130
3497	81	130
3498	81	130
3499	80	130
3500	80	130
3501	81	130
3502	81	130
3503	80	130
3504	81	130
3505	81	130
3506	81	130
3507	81	130
3508	81	130
3509	80	130
3510	81	130
3511	80	130
3512	81	130
3513	81	130
3514	80	130
3515	81	130
3516	81	130
3517	81	130
3518	81	130
3519	81	130
3520	81	130
3521	80	130
3522	81	130
3523	81	130
3524	81	130
3525	81	130
3526	81	130
3527	81	130
3528	80	130
3529	81	130
3530	80	130
3531	81	130
3532	81	130
3533	81	130
3534	81	130
3535	81	130
3536	81	130
3537	81	130
3538	81	130
3539	80	130
3540	80	130
3541	81	130
3542	80	130
3543	81	130
3544	81	130
3545	81	130
3546	80	130
3547	81	130
3548	80	129
3549	80	130
3550	80	130
3551	81	130
3552	80	130
3553	81	130
3554	80	130
3555	81	130
3556	81	130
3557	80	130
3558	81	130
3559	80	130
3560	81	130
3561	81	130
3562	81	130
3563	81	130
3564	81	130
3565	81	129
3566	81	130
3567	80	130
3568	81	130
3569	80	130
3570	81	130
3571	81	130
3572	81	130
3573	81	129
3574	80	129
3575	80	130
3576	81	130
3577	80	130
3578	81	129
3579	81	130
3580	81	129
3581	81	130
3582	81	130
3583	81	130
3584	80	130
3585	81	130
3586	81	130
3587	80	130
3588	81	130
3589	80	130
3590	81	130
3591	81	130
3592	81	130
3593	81	130
3594	81	130
3595	80	130
3596	80	130
3597	81	130
3598	81	130
3599	81	130
3600	81	130
3601	81	130
3602	81	130
3603	81	130
3604	80	129
3605	80	130
3606	81	130
3607	80	130
3608	80	130
3609	81	130
3610	81	130
3611	81	129
3612	80	130
3613	81	130
3614	81	130
3615	81	130
3616	81	130
3617	81	130
3618	81	130
3619	81	130
3620	81	130
3621	81	129
3622	81	130
3623	80	130
3624	81	130
3625	81	129
3626	80	130
3627	81	130
3628	81	130
3629	80	130
3630	81	130
3631	81	130
3632	80	130
3633	81	130
3634	81	130
3635	81	130
3636	80	130
3637	81	130
3638	81	130
3639	81	130
3640	81	130
3641	80	130
3642	81	130
3643	80	130
3644	81	130
3645	80	129
3646	81	130
3647	80	130
3648	81	130
3649	80	130
3650	81	129
3651	80	130
3652	80	129
3653	81	130
3654	81	130
3655	80	130
3656	81	130
3657	81	130
3658	81	130
3659	80	129
3660	80	130
3661	81	130
3662	80	130
3663	81	130
3664	81	130
3665	80	130
3666	80	130
3667	80	130
3668	81	130
3669	81	130
3670	80	130
3671	81	130
3672	81	130
3673	80	130
3674	81	129
3675	80	130
3676	81	130
3677	81	130
3678	80	130
3679	80	129
3680	81	130
3681	80	130
3682	81	130
3683	80	130
3684	81	130
3685	81	130
3686	80	130
3687	80	130
3688	80	130
3689	80	130
3690	81	130
3691	81	130
3692	80	130
3693	81	130
3694	81	130
3695	81	130
3696	80	129
3697	81	129
3698	80	130
3699	80	130
3700	80	130
3701	81	130
3702	80	130
3703	81	129
3704	81	130
3705	81	130
3706	81	130
3707	81	130
3708	81	129
3709	81	130
3710	81	130
3711	81	130
3712	82	130
3713	83	130
3714	85	130
3715	92	130
3716	166	130
3717	255	130
3718	255	129
3719	255	130
3720	250	130
3721	206	129
3722	201	130
3723	164	129
3724	149	130
3725	138	130
3726	118	130
3727	116	130
3728	109	130
3729	101	130
3730	98	130
3731	96	130
3732	92	129
3733	90	130
3734	89	130
3735	88	130
3736	87	130
3737	87	130
3738	86	130
3739	85	130
3740	85	130
3741	85	130
3742	84	130
3743	84	129
3744	84	130
3745	84	130
3746	83	129
3747	83	130
3748	83	130
3749	83	130
3750	83	130
3751	83	130
3752	83	130
3753	83	130
3754	82	130
3755	82	130
3756	83	129
3757	82	130
3758	82	130
3759	82	130
3760	82	130
3761	82	130
3762	82	130
3763	82	130
3764	82	130
3765	82	130
3766	82	130
3767	82	130
3768	82	130
3769	82	130
3770	82	130
3771	82	130
3772	83	130
3773	83	130
3774	83	130
3775	84	130
3776	85	130
3777	86	130
3778	89	130
3779	97	130
3780	115	130
3781	111	129
3782	111	130
3783	125	130
3784	124	130
3785	130	130
3786	138	130
3787	137	130
3788	143	130
3789	143	129
3790	142	130
3791	143	130
3792	139	129
3793	137	130
3794	133	130
3795	128	130
3796	124	130
3797	119	130
3798	115	130
3799	111	130
3800	108	130
3801	105	130
3802	102	130
3803	99	130
3804	97	130
3805	95	130
3806	93	130
3807	92	130
3808	91	130
3809	90	130
3810	89	130
3811	89	130
3812	88	130
3813	87	130
3814	87	130
3815	86	130
3816	86	130
3817	86	130
3818	85	130
3819	85	130
3820	85	130
3821	85	130
3822	85	130
3823	85	130
3824	85	130
3825	84	130
3826	84	130
3827	84	130
3828	84	130
3829	84	130
3830	84	130
3831	84	130
3832	84	130
3833	84	130
3834	84	130
3835	85	130
3836	85	130
3837	85	130
3838	86	130
3839	86	130
3840	87	130
3841	88	130
3842	89	130
3843	92	130
3844	96	130
3845	99	130
3846	100	129
3847	102	130
3848	105	130
3849	108	130
3850	111	130
3851	114	130
3852	116	130
3853	119	130
3854	121	130
3855	123	130
3856	122	130
3857	121	130
3858	117	129
3859	115	130
3860	113	130
3861	111	130
3862	110	130
3863	108	130
3864	107	130
3865	107	130
3866	106	130
3867	105	130
3868	104	129
3869	103	130
3870	102	130
3871	102	130
3872	101	130
3873	100	129
3874	99	130
3875	99	129
3876	98	130
3877	97	130
3878	97	130
3879	96	130
3880	96	130
3881	95	130
3882	95	130
3883	95	130
3884	94	130
3885	94	130
3886	94	130
3887	94	130
3888	93	130
3889	94	130
3890	93	130
3891	93	130
3892	93	129
3893	93	130
3894	93	130
3895	94	130
3896	93	130
3897	94	130
3898	94	130
3899	94	129
3900	95	130
3901	95	130
3902	95	130
3903	96	129
3904	96	130
3905	97	130
3906	97	130
3907	98	130
3908	98	129
3909	99	130
3910	99	130
3911	100	130
3912	100	129
3913	101	130
3914	101	130
3915	102	130
3916	102	130
3917	103	130
3918	103	130
3919	103	130
3920	104	130
3921	104	130
3922	104	129
3923	104	130
3924	104	130
3925	104	130
3926	104	130
3927	104	130
3928	104	129
3929	104	130
3930	104	130
3931	103	130
3932	103	130
3933	103	130
3934	103	130
3935	102	130
3936	102	129
3937	102	129
3938	102	130
3939	102	130
3940	102	130
3941	101	130
3942	102	130
3943	102	130
3944	102	130
3945	102	130
3946	102	130
3947	102	130
3948	102	130
3949	101	130
3950	99	130
3951	96	130
3952	93	130
3953	91	130
3954	90	130
3955	89	130
3956	89	130
3957	88	130
3958	88	130
3959	88	130
3960	87	130
3961	87	130
3962	87	129
3963	87	130
3964	87	130
3965	88	130
3966	87	130
3967	87	130
3968	88	130
3969	88	130
3970	89	130
3971	89	130
3972	90	130
3973	91	130
3974	92	130
3975	93	130
3976	94	130
3977	96	130
3978	97	130
3979	98	130
3980	100	130
3981	102	130
3982	104	130
3983	106	130
3984	108	130
3985	109	130
3986	112	130
3987	113	130
3988	115	130
3989	117	130
3990	118	130
3991	119	130
3992	120	130
3993	120	130
3994	120	129
3995	119	130
3996	116	130
3997	114	130
3998	111	129
3999	108	130
4000	106	130
4001	105	130
4002	103	130
4003	102	130
4004	100	129
4005	99	130
4006	98	130
4007	97	129
4008	96	130
4009	95	130
4010	94	130
4011	94	130
4012	93	129
4013	93	130
4014	92	130
4015	92	130
4016	91	129
4017	91	129
4018	91	130
4019	90	129
4020	90	130
4021	90	130
4022	90	130
4023	90	130
4024	90	130
4025	90	130
4026	90	130
4027	90	129
4028	90	130
4029	91	130
4030	91	129
4031	91	130
4032	92	130
4033	92	130
4034	93	130
4035	93	130
4036	94	130
4037	94	130
4038	95	129
4039	96	130
4040	97	130
4041	98	130
4042	99	130
4043	99	129
4044	101	130
4045	102	130
4046	102	130
4047	104	130
4048	105	130
4049	105	130
4050	106	130
4051	107	130
4052	107	130
4053	108	130
4054	109	130
4055	108	130
4056	109	129
4057	109	130
4058	108	129
4059	108	130
4060	107	130
4061	107	130
4062	106	129
4063	106	130
4064	105	129
4065	104	130
4066	103	130
4067	102	130
4068	101	130
4069	101	130
4070	100	130
4071	99	130
4072	99	130
4073	97	130
4074	97	130
4075	97	130
4076	96	130
4077	95	130
4078	95	129
4079	95	130
4080	95	130
4081	94	130
4082	94	130
4083	94	130
4084	93	130
4085	93	130
4086	93	130
4087	93	130
4088	93	130
4089	92	130
4090	92	130
4091	92	130
4092	91	130
4093	91	129
4094	90	130
4095	90	130
