
TIME STEP:
125 = 50us

VOLTAGE STEP:
CH1:  32 = 0.15V
CH2:  32 = 5V
GND	77	128
N	CH1	CH2

0	89	130
1	88	130
2	87	129
3	86	130
4	85	130
5	85	130
6	84	130
7	84	130
8	84	130
9	83	130
10	83	129
11	83	130
12	83	130
13	83	130
14	83	130
15	82	130
16	82	130
17	82	130
18	82	130
19	82	130
20	81	130
21	81	130
22	81	130
23	82	130
24	81	130
25	81	130
26	81	130
27	81	130
28	81	130
29	81	130
30	81	129
31	81	130
32	81	130
33	81	130
34	81	129
35	81	130
36	81	129
37	81	130
38	81	130
39	81	130
40	81	130
41	81	130
42	81	130
43	81	130
44	81	129
45	81	129
46	81	130
47	81	130
48	81	130
49	81	130
50	81	130
51	81	130
52	81	130
53	81	130
54	81	130
55	81	130
56	80	130
57	81	130
58	80	130
59	80	130
60	81	130
61	81	130
62	81	130
63	81	130
64	81	130
65	80	130
66	80	130
67	80	130
68	81	130
69	81	130
70	80	130
71	81	130
72	81	130
73	80	130
74	81	130
75	81	129
76	81	130
77	81	130
78	81	130
79	80	129
80	81	130
81	81	130
82	81	129
83	81	130
84	81	130
85	81	130
86	81	130
87	80	130
88	81	130
89	81	130
90	80	130
91	81	130
92	80	130
93	81	130
94	81	130
95	80	130
96	81	130
97	81	130
98	81	129
99	81	130
100	81	129
101	81	130
102	81	130
103	81	130
104	81	130
105	80	130
106	81	130
107	81	130
108	80	130
109	81	129
110	81	130
111	81	130
112	81	130
113	81	130
114	81	130
115	81	130
116	80	130
117	81	130
118	81	130
119	81	130
120	81	130
121	80	130
122	80	130
123	81	129
124	81	130
125	81	130
126	80	130
127	81	130
128	81	130
129	81	130
130	81	130
131	81	130
132	81	130
133	81	130
134	81	130
135	81	130
136	81	130
137	80	130
138	81	130
139	81	130
140	81	130
141	81	130
142	80	130
143	81	130
144	81	130
145	81	130
146	80	130
147	80	130
148	80	130
149	81	130
150	81	129
151	81	130
152	81	130
153	81	130
154	81	130
155	81	129
156	81	130
157	80	130
158	81	130
159	81	130
160	81	130
161	81	130
162	81	130
163	81	130
164	81	130
165	81	130
166	81	130
167	81	130
168	80	130
169	80	130
170	81	130
171	80	130
172	81	130
173	81	130
174	81	130
175	81	130
176	81	130
177	81	130
178	81	130
179	81	130
180	81	130
181	81	130
182	81	130
183	81	130
184	81	130
185	81	130
186	81	130
187	81	130
188	80	130
189	81	130
190	81	130
191	81	130
192	81	130
193	81	130
194	81	130
195	80	130
196	81	130
197	81	130
198	81	130
199	81	130
200	80	130
201	81	130
202	81	129
203	81	130
204	81	129
205	81	130
206	81	130
207	81	130
208	81	130
209	81	129
210	81	130
211	81	130
212	81	130
213	81	130
214	81	130
215	81	129
216	80	129
217	81	130
218	80	130
219	81	129
220	81	129
221	80	130
222	81	130
223	81	130
224	81	130
225	80	129
226	81	130
227	80	130
228	81	129
229	81	129
230	81	130
231	80	130
232	81	130
233	81	130
234	81	130
235	80	130
236	81	130
237	80	129
238	79	130
239	81	129
240	81	130
241	81	130
242	80	130
243	81	130
244	80	130
245	80	130
246	80	130
247	81	130
248	80	130
249	80	130
250	80	129
251	80	129
252	80	130
253	80	129
254	80	130
255	81	130
256	81	130
257	81	130
258	81	130
259	81	130
260	81	130
261	81	129
262	81	130
263	81	130
264	81	130
265	81	129
266	81	130
267	81	130
268	81	130
269	81	130
270	81	130
271	80	130
272	81	130
273	81	130
274	81	129
275	81	130
276	81	130
277	81	130
278	81	130
279	81	130
280	81	130
281	81	130
282	81	130
283	81	130
284	80	130
285	80	130
286	80	130
287	80	130
288	80	130
289	80	130
290	80	130
291	81	130
292	80	130
293	80	130
294	80	130
295	80	129
296	80	130
297	80	130
298	80	130
299	80	130
300	80	130
301	80	130
302	80	130
303	81	130
304	80	130
305	80	130
306	81	130
307	80	129
308	81	129
309	81	129
310	80	130
311	81	130
312	80	129
313	81	130
314	80	130
315	80	129
316	81	130
317	81	130
318	80	130
319	81	130
320	81	130
321	81	129
322	81	130
323	81	130
324	81	130
325	81	130
326	81	130
327	81	130
328	81	130
329	81	130
330	81	130
331	81	130
332	81	130
333	81	130
334	81	130
335	81	130
336	81	130
337	80	130
338	80	130
339	81	130
340	81	130
341	81	130
342	81	130
343	80	130
344	81	130
345	80	130
346	81	130
347	80	130
348	80	130
349	81	130
350	80	130
351	81	130
352	80	130
353	80	130
354	80	130
355	80	129
356	80	130
357	81	130
358	80	130
359	80	130
360	80	130
361	80	130
362	80	130
363	80	129
364	81	130
365	81	130
366	80	130
367	80	130
368	80	129
369	81	130
370	80	130
371	80	130
372	81	129
373	81	130
374	81	130
375	81	130
376	81	130
377	81	130
378	81	130
379	80	130
380	81	130
381	81	130
382	81	130
383	81	130
384	81	130
385	81	130
386	80	130
387	81	130
388	80	130
389	81	130
390	81	130
391	81	130
392	81	130
393	81	130
394	81	130
395	81	130
396	81	130
397	81	130
398	80	130
399	81	130
400	80	130
401	81	129
402	81	130
403	81	130
404	81	130
405	81	130
406	81	130
407	81	130
408	81	130
409	81	130
410	81	130
411	81	130
412	81	130
413	81	129
414	81	130
415	81	130
416	81	130
417	80	130
418	80	130
419	81	130
420	81	130
421	80	130
422	81	130
423	81	130
424	81	130
425	81	130
426	80	130
427	80	130
428	80	130
429	81	130
430	81	130
431	80	130
432	81	130
433	81	130
434	81	130
435	81	130
436	81	130
437	81	130
438	81	130
439	80	130
440	81	130
441	81	130
442	81	130
443	81	130
444	80	130
445	81	130
446	81	130
447	81	130
448	81	130
449	80	130
450	81	130
451	80	129
452	81	130
453	81	130
454	81	130
455	81	130
456	81	130
457	81	130
458	81	130
459	81	130
460	80	130
461	81	129
462	81	130
463	81	130
464	81	130
465	81	130
466	81	130
467	82	130
468	84	130
469	87	130
470	104	130
471	225	130
472	255	130
473	255	130
474	253	130
475	241	130
476	194	130
477	162	130
478	160	130
479	129	130
480	127	130
481	119	130
482	108	130
483	107	130
484	104	130
485	99	130
486	96	130
487	95	130
488	93	130
489	91	129
490	91	130
491	90	130
492	89	130
493	89	130
494	88	130
495	88	130
496	88	130
497	87	130
498	87	130
499	87	130
500	87	130
501	88	130
502	88	130
503	88	130
504	89	130
505	89	130
506	90	130
507	92	130
508	94	130
509	96	130
510	98	130
511	101	129
512	103	130
513	107	130
514	111	130
515	115	130
516	120	130
517	125	130
518	130	130
519	135	130
520	139	130
521	144	130
522	146	130
523	148	130
524	149	130
525	147	130
526	146	130
527	143	130
528	140	130
529	136	130
530	132	130
531	128	130
532	124	130
533	120	130
534	117	130
535	113	130
536	111	130
537	108	130
538	106	130
539	104	130
540	102	130
541	101	130
542	99	130
543	98	130
544	98	130
545	97	130
546	97	130
547	96	130
548	96	130
549	96	130
550	95	130
551	96	130
552	96	130
553	96	130
554	97	130
555	97	130
556	98	130
557	99	130
558	101	130
559	102	130
560	103	130
561	105	130
562	107	130
563	109	130
564	111	130
565	114	130
566	116	130
567	119	130
568	121	130
569	124	130
570	126	130
571	128	130
572	130	130
573	131	130
574	132	129
575	132	130
576	132	130
577	131	130
578	130	130
579	129	130
580	127	130
581	125	130
582	123	130
583	121	129
584	118	130
585	116	130
586	114	130
587	112	129
588	110	130
589	109	130
590	107	130
591	106	130
592	105	130
593	103	130
594	102	129
595	101	130
596	101	130
597	100	130
598	100	130
599	99	130
600	99	130
601	99	130
602	99	130
603	99	130
604	99	130
605	99	130
606	100	130
607	101	130
608	101	130
609	102	130
610	103	129
611	103	130
612	105	130
613	106	130
614	107	130
615	109	130
616	110	130
617	112	130
618	114	130
619	115	130
620	117	130
621	119	130
622	120	130
623	121	130
624	123	130
625	123	130
626	124	129
627	125	129
628	125	129
629	125	130
630	124	130
631	124	130
632	123	130
633	122	130
634	121	130
635	119	130
636	118	130
637	117	130
638	115	130
639	114	130
640	112	130
641	111	130
642	110	130
643	109	130
644	108	130
645	107	130
646	106	130
647	105	130
648	104	130
649	103	130
650	103	130
651	102	130
652	102	129
653	102	130
654	102	130
655	101	130
656	102	130
657	102	130
658	103	129
659	103	130
660	103	130
661	104	129
662	104	130
663	105	130
664	106	130
665	107	130
666	108	130
667	109	130
668	110	129
669	111	130
670	113	130
671	114	130
672	115	130
673	117	130
674	118	130
675	119	130
676	120	130
677	121	130
678	122	130
679	123	130
680	123	130
681	123	130
682	123	130
683	123	130
684	123	130
685	122	130
686	121	130
687	120	130
688	119	129
689	118	130
690	117	130
691	116	130
692	115	130
693	113	130
694	112	130
695	111	130
696	110	130
697	109	130
698	108	130
699	108	130
700	107	130
701	107	130
702	106	130
703	105	130
704	105	130
705	105	130
706	104	130
707	104	130
708	105	130
709	105	130
710	105	130
711	105	130
712	105	130
713	105	130
714	106	130
715	105	130
716	106	130
717	106	130
718	106	130
719	106	130
720	106	130
721	106	130
722	107	130
723	107	130
724	107	130
725	108	130
726	109	130
727	110	130
728	111	129
729	112	130
730	113	130
731	114	130
732	115	130
733	117	130
734	118	130
735	119	130
736	120	130
737	121	130
738	121	130
739	122	130
740	122	130
741	122	130
742	122	129
743	122	130
744	121	130
745	121	130
746	120	130
747	119	130
748	118	130
749	117	130
750	116	130
751	115	130
752	114	130
753	113	130
754	112	130
755	111	129
756	110	130
757	109	130
758	109	130
759	108	130
760	107	130
761	107	130
762	107	130
763	106	130
764	106	130
765	106	130
766	106	130
767	106	130
768	106	130
769	107	130
770	107	130
771	107	130
772	108	130
773	108	130
774	108	130
775	107	129
776	105	130
777	105	130
778	104	130
779	104	130
780	104	130
781	104	130
782	105	130
783	105	130
784	106	130
785	107	130
786	108	130
787	109	129
788	111	130
789	112	130
790	113	129
791	115	130
792	116	130
793	117	130
794	118	130
795	118	130
796	119	130
797	119	130
798	119	129
799	119	129
800	120	130
801	120	130
802	121	130
803	121	130
804	121	129
805	121	130
806	121	130
807	120	130
808	120	130
809	119	129
810	119	130
811	118	130
812	117	130
813	116	130
814	114	130
815	113	130
816	111	129
817	109	130
818	108	130
819	107	130
820	106	129
821	105	130
822	105	129
823	104	130
824	103	130
825	103	130
826	103	130
827	103	130
828	103	130
829	103	130
830	104	130
831	104	130
832	104	130
833	105	130
834	106	130
835	107	130
836	107	130
837	108	130
838	109	130
839	111	130
840	112	130
841	113	129
842	115	130
843	116	130
844	117	130
845	118	130
846	119	130
847	120	130
848	121	130
849	122	130
850	122	130
851	123	130
852	123	130
853	122	129
854	122	130
855	122	130
856	121	130
857	120	129
858	119	130
859	118	130
860	117	130
861	116	129
862	115	130
863	114	130
864	112	130
865	111	130
866	111	129
867	109	130
868	108	130
869	107	129
870	107	130
871	106	130
872	105	130
873	105	130
874	105	130
875	104	130
876	104	130
877	104	130
878	104	130
879	104	130
880	104	130
881	104	130
882	105	130
883	105	130
884	105	130
885	106	130
886	107	130
887	107	130
888	108	130
889	109	130
890	110	129
891	111	129
892	111	130
893	113	130
894	113	130
895	114	130
896	115	130
897	116	130
898	117	130
899	118	130
900	118	130
901	119	130
902	119	130
903	119	130
904	119	130
905	119	130
906	119	130
907	119	130
908	118	130
909	118	130
910	117	130
911	117	130
912	116	130
913	115	129
914	114	129
915	113	130
916	113	130
917	112	130
918	111	130
919	111	130
920	110	130
921	109	130
922	108	130
923	108	130
924	108	130
925	107	130
926	107	130
927	107	130
928	107	130
929	106	130
930	107	130
931	106	130
932	107	130
933	107	130
934	107	130
935	107	130
936	107	130
937	107	130
938	108	130
939	108	130
940	109	129
941	109	130
942	110	130
943	111	130
944	111	130
945	112	130
946	113	129
947	113	130
948	113	129
949	114	129
950	114	130
951	115	130
952	116	130
953	116	129
954	116	130
955	116	130
956	116	130
957	117	130
958	117	129
959	116	130
960	116	130
961	116	130
962	115	129
963	115	129
964	115	129
965	113	130
966	113	130
967	113	130
968	112	130
969	112	130
970	111	130
971	110	130
972	110	130
973	109	130
974	109	130
975	109	130
976	108	130
977	108	130
978	108	130
979	108	130
980	107	130
981	107	130
982	107	130
983	107	129
984	108	130
985	108	130
986	108	130
987	108	129
988	108	130
989	109	130
990	109	130
991	110	130
992	110	130
993	110	130
994	111	130
995	111	130
996	112	130
997	113	130
998	113	130
999	113	130
1000	114	130
1001	114	130
1002	115	130
1003	115	130
1004	115	130
1005	115	130
1006	116	130
1007	115	130
1008	116	130
1009	115	130
1010	116	130
1011	115	130
1012	115	130
1013	115	130
1014	115	130
1015	114	130
1016	114	130
1017	113	130
1018	113	130
1019	113	130
1020	112	130
1021	112	130
1022	112	130
1023	111	130
1024	110	130
1025	111	130
1026	110	130
1027	111	130
1028	111	129
1029	110	130
1030	110	130
1031	109	130
1032	108	129
1033	107	130
1034	106	130
1035	105	130
1036	104	130
1037	103	130
1038	102	130
1039	101	130
1040	99	130
1041	98	129
1042	96	130
1043	94	130
1044	93	130
1045	92	130
1046	91	130
1047	89	130
1048	88	129
1049	87	130
1050	87	130
1051	86	129
1052	85	130
1053	85	130
1054	84	130
1055	84	130
1056	84	130
1057	83	130
1058	83	130
1059	83	130
1060	83	130
1061	83	130
1062	83	130
1063	82	130
1064	82	130
1065	81	130
1066	82	130
1067	81	130
1068	82	130
1069	81	130
1070	81	130
1071	81	130
1072	81	130
1073	81	130
1074	81	130
1075	81	130
1076	81	130
1077	81	130
1078	81	130
1079	81	130
1080	81	130
1081	81	130
1082	81	130
1083	81	130
1084	81	130
1085	81	130
1086	81	130
1087	81	130
1088	81	130
1089	81	130
1090	81	130
1091	81	130
1092	81	130
1093	81	129
1094	81	130
1095	81	130
1096	81	130
1097	81	130
1098	81	130
1099	81	130
1100	81	129
1101	81	130
1102	81	130
1103	81	130
1104	80	130
1105	81	130
1106	81	129
1107	81	130
1108	81	130
1109	81	129
1110	81	130
1111	80	130
1112	81	129
1113	81	130
1114	81	130
1115	80	130
1116	81	130
1117	80	130
1118	81	130
1119	80	130
1120	81	130
1121	81	130
1122	81	130
1123	80	130
1124	80	130
1125	81	130
1126	81	130
1127	80	129
1128	80	130
1129	81	130
1130	81	130
1131	81	130
1132	81	130
1133	81	130
1134	81	130
1135	80	130
1136	80	130
1137	80	130
1138	81	130
1139	80	130
1140	81	130
1141	81	130
1142	81	130
1143	81	129
1144	81	130
1145	80	130
1146	81	130
1147	81	130
1148	81	130
1149	81	130
1150	81	130
1151	81	130
1152	81	130
1153	81	130
1154	81	130
1155	80	130
1156	81	130
1157	81	130
1158	81	130
1159	81	130
1160	81	130
1161	81	130
1162	81	130
1163	81	130
1164	81	129
1165	81	130
1166	80	130
1167	81	130
1168	81	130
1169	81	130
1170	80	130
1171	81	129
1172	81	130
1173	81	130
1174	81	130
1175	81	130
1176	81	130
1177	81	130
1178	81	130
1179	81	130
1180	81	130
1181	81	130
1182	80	130
1183	81	130
1184	81	130
1185	80	130
1186	81	130
1187	81	130
1188	81	130
1189	81	130
1190	81	130
1191	81	130
1192	81	130
1193	81	130
1194	81	130
1195	81	130
1196	81	130
1197	81	130
1198	81	130
1199	81	130
1200	81	129
1201	81	130
1202	80	130
1203	81	130
1204	81	130
1205	81	130
1206	81	130
1207	81	130
1208	81	130
1209	81	130
1210	81	130
1211	81	130
1212	81	130
1213	81	130
1214	81	130
1215	81	130
1216	81	130
1217	81	130
1218	81	130
1219	81	130
1220	81	130
1221	81	130
1222	81	130
1223	81	130
1224	81	130
1225	81	130
1226	81	130
1227	81	130
1228	81	130
1229	81	130
1230	80	130
1231	81	130
1232	81	130
1233	81	129
1234	81	130
1235	81	130
1236	81	130
1237	81	130
1238	81	130
1239	80	130
1240	81	129
1241	80	129
1242	80	130
1243	81	130
1244	81	130
1245	81	130
1246	81	130
1247	81	130
1248	81	130
1249	81	130
1250	81	130
1251	80	130
1252	81	130
1253	80	130
1254	81	130
1255	81	130
1256	81	130
1257	81	130
1258	81	130
1259	81	130
1260	81	130
1261	81	130
1262	81	130
1263	81	130
1264	81	130
1265	81	130
1266	81	130
1267	81	130
1268	81	130
1269	81	130
1270	81	130
1271	81	130
1272	81	130
1273	81	130
1274	81	129
1275	81	130
1276	80	130
1277	81	130
1278	81	130
1279	81	130
1280	80	130
1281	81	129
1282	80	130
1283	80	130
1284	81	130
1285	81	130
1286	80	130
1287	81	130
1288	80	130
1289	81	130
1290	81	130
1291	80	130
1292	81	130
1293	80	130
1294	80	130
1295	80	130
1296	80	130
1297	80	129
1298	80	130
1299	80	130
1300	80	130
1301	80	130
1302	81	130
1303	81	130
1304	81	130
1305	81	130
1306	81	130
1307	81	130
1308	81	130
1309	81	130
1310	81	130
1311	81	130
1312	81	130
1313	81	130
1314	81	130
1315	81	130
1316	81	130
1317	81	130
1318	81	130
1319	81	130
1320	81	130
1321	81	130
1322	81	130
1323	81	130
1324	81	130
1325	81	130
1326	81	130
1327	81	130
1328	81	130
1329	81	130
1330	81	130
1331	80	130
1332	80	130
1333	81	129
1334	80	130
1335	80	130
1336	80	130
1337	80	130
1338	80	130
1339	80	129
1340	80	130
1341	80	130
1342	80	130
1343	80	130
1344	80	130
1345	80	130
1346	80	130
1347	80	130
1348	80	130
1349	81	130
1350	81	130
1351	80	130
1352	81	130
1353	81	130
1354	80	130
1355	80	130
1356	81	130
1357	80	130
1358	80	130
1359	81	130
1360	80	130
1361	81	130
1362	81	130
1363	81	130
1364	81	129
1365	81	130
1366	81	130
1367	81	130
1368	81	130
1369	81	130
1370	81	130
1371	81	130
1372	81	130
1373	81	130
1374	81	130
1375	81	130
1376	81	130
1377	81	130
1378	81	130
1379	80	130
1380	81	130
1381	81	130
1382	81	130
1383	81	130
1384	81	130
1385	80	129
1386	81	130
1387	81	130
1388	80	130
1389	81	130
1390	81	130
1391	80	130
1392	81	130
1393	80	129
1394	81	130
1395	81	130
1396	80	130
1397	81	130
1398	81	129
1399	80	130
1400	81	130
1401	81	130
1402	80	130
1403	80	130
1404	81	130
1405	80	130
1406	80	130
1407	81	130
1408	81	130
1409	81	130
1410	80	130
1411	81	130
1412	81	130
1413	80	129
1414	81	130
1415	81	130
1416	81	130
1417	80	130
1418	80	130
1419	81	130
1420	81	130
1421	81	130
1422	81	130
1423	81	130
1424	81	130
1425	81	130
1426	81	130
1427	81	130
1428	80	130
1429	81	130
1430	81	130
1431	81	130
1432	81	129
1433	81	130
1434	81	129
1435	81	130
1436	81	130
1437	81	130
1438	81	130
1439	80	130
1440	81	130
1441	81	130
1442	81	130
1443	81	130
1444	81	130
1445	81	130
1446	81	130
1447	80	130
1448	81	130
1449	80	129
1450	81	130
1451	81	130
1452	81	130
1453	80	130
1454	81	130
1455	81	130
1456	80	130
1457	80	130
1458	80	130
1459	81	130
1460	80	130
1461	81	130
1462	81	130
1463	80	130
1464	81	130
1465	81	130
1466	80	130
1467	81	130
1468	81	130
1469	80	129
1470	80	129
1471	81	130
1472	81	130
1473	81	130
1474	81	130
1475	80	130
1476	81	130
1477	81	130
1478	81	130
1479	81	130
1480	80	130
1481	81	130
1482	81	130
1483	80	130
1484	80	130
1485	81	130
1486	81	130
1487	80	130
1488	81	129
1489	81	130
1490	81	130
1491	80	130
1492	81	130
1493	81	130
1494	81	130
1495	81	130
1496	80	130
1497	80	130
1498	81	130
1499	81	130
1500	80	130
1501	80	130
1502	80	130
1503	80	130
1504	81	130
1505	81	129
1506	80	129
1507	81	130
1508	81	130
1509	81	129
1510	80	130
1511	81	129
1512	81	129
1513	81	130
1514	81	130
1515	82	130
1516	84	130
1517	88	130
1518	115	129
1519	243	130
1520	255	130
1521	255	130
1522	255	130
1523	255	130
1524	200	130
1525	180	130
1526	163	129
1527	133	130
1528	133	130
1529	117	130
1530	108	130
1531	108	130
1532	102	130
1533	97	130
1534	95	130
1535	93	130
1536	91	130
1537	90	130
1538	89	130
1539	88	130
1540	87	130
1541	87	130
1542	87	130
1543	86	130
1544	86	130
1545	86	130
1546	86	130
1547	85	130
1548	85	130
1549	85	130
1550	85	130
1551	85	130
1552	85	130
1553	85	130
1554	85	130
1555	86	130
1556	86	130
1557	87	129
1558	88	130
1559	89	130
1560	93	129
1561	99	130
1562	103	130
1563	106	129
1564	111	130
1565	119	130
1566	125	130
1567	133	130
1568	141	130
1569	150	130
1570	158	130
1571	165	130
1572	169	130
1573	163	130
1574	153	130
1575	154	130
1576	149	130
1577	146	130
1578	143	130
1579	138	130
1580	135	130
1581	131	130
1582	126	130
1583	123	130
1584	119	130
1585	116	130
1586	113	129
1587	110	130
1588	108	130
1589	106	130
1590	104	130
1591	102	130
1592	101	129
1593	100	130
1594	99	130
1595	98	130
1596	98	130
1597	97	129
1598	97	130
1599	97	130
1600	97	130
1601	97	130
1602	97	130
1603	98	130
1604	99	130
1605	100	130
1606	101	130
1607	102	130
1608	103	130
1609	105	130
1610	106	130
1611	109	130
1612	110	130
1613	113	130
1614	115	130
1615	117	130
1616	120	130
1617	123	130
1618	125	130
1619	126	130
1620	128	130
1621	129	130
1622	129	130
1623	129	130
1624	128	130
1625	127	130
1626	125	130
1627	123	130
1628	122	130
1629	119	130
1630	118	130
1631	117	130
1632	115	130
1633	114	129
1634	112	130
1635	111	130
1636	110	130
1637	109	130
1638	108	130
1639	107	130
1640	106	129
1641	105	130
1642	105	130
1643	104	130
1644	104	129
1645	104	130
1646	103	130
1647	103	130
1648	104	130
1649	104	130
1650	104	130
1651	104	130
1652	105	130
1653	106	130
1654	107	130
1655	107	130
1656	108	130
1657	109	130
1658	110	130
1659	112	130
1660	112	130
1661	114	130
1662	115	130
1663	116	130
1664	117	130
1665	118	130
1666	119	130
1667	119	130
1668	119	130
1669	120	130
1670	120	130
1671	119	130
1672	120	130
1673	119	130
1674	118	130
1675	118	130
1676	118	130
1677	117	130
1678	116	130
1679	115	130
1680	114	130
1681	113	130
1682	113	130
1683	112	130
1684	112	130
1685	111	130
1686	110	130
1687	110	130
1688	110	129
1689	109	130
1690	110	130
1691	109	130
1692	109	130
1693	109	130
1694	109	130
1695	110	130
1696	110	130
1697	110	130
1698	111	130
1699	111	130
1700	112	130
1701	112	130
1702	113	130
1703	114	130
1704	114	130
1705	115	130
1706	115	130
1707	116	129
1708	117	130
1709	117	130
1710	118	130
1711	118	130
1712	119	130
1713	119	130
1714	119	130
1715	119	130
1716	119	129
1717	119	129
1718	119	130
1719	119	130
1720	118	130
1721	118	130
1722	117	129
1723	117	130
1724	116	130
1725	116	130
1726	115	129
1727	115	130
1728	114	130
1729	113	130
1730	113	130
1731	112	130
1732	112	130
1733	111	130
1734	111	130
1735	111	130
1736	110	130
1737	110	130
1738	110	130
1739	110	130
1740	110	130
1741	110	130
1742	109	130
1743	110	130
1744	110	130
1745	110	130
1746	110	130
1747	110	130
1748	110	130
1749	111	130
1750	111	130
1751	111	130
1752	112	130
1753	112	130
1754	113	130
1755	113	130
1756	113	130
1757	113	130
1758	114	130
1759	114	130
1760	115	130
1761	115	130
1762	115	130
1763	115	130
1764	115	130
1765	115	130
1766	115	130
1767	115	130
1768	115	130
1769	115	130
1770	115	130
1771	115	130
1772	114	130
1773	114	130
1774	114	130
1775	114	130
1776	113	130
1777	112	130
1778	113	129
1779	112	130
1780	112	130
1781	112	130
1782	111	130
1783	111	130
1784	111	130
1785	110	130
1786	110	129
1787	110	130
1788	110	130
1789	110	130
1790	110	130
1791	110	130
1792	110	130
1793	110	130
1794	110	130
1795	110	130
1796	110	130
1797	110	130
1798	111	130
1799	111	130
1800	111	130
1801	111	130
1802	112	130
1803	112	130
1804	113	130
1805	113	130
1806	113	130
1807	113	130
1808	114	130
1809	114	130
1810	114	130
1811	115	130
1812	115	130
1813	115	130
1814	115	130
1815	115	130
1816	115	130
1817	115	130
1818	115	130
1819	115	130
1820	115	130
1821	115	130
1822	114	130
1823	114	130
1824	114	129
1825	113	130
1826	113	130
1827	113	130
1828	112	130
1829	112	130
1830	112	130
1831	111	130
1832	111	130
1833	111	130
1834	111	130
1835	110	130
1836	110	130
1837	110	130
1838	110	130
1839	110	130
1840	110	130
1841	110	130
1842	110	130
1843	110	130
1844	110	130
1845	110	130
1846	111	130
1847	111	130
1848	111	130
1849	111	129
1850	111	130
1851	112	129
1852	112	130
1853	112	130
1854	113	130
1855	113	129
1856	113	130
1857	113	130
1858	113	130
1859	113	130
1860	114	130
1861	114	130
1862	114	130
1863	114	130
1864	114	130
1865	114	130
1866	114	130
1867	114	130
1868	114	130
1869	114	130
1870	114	130
1871	113	130
1872	113	130
1873	113	130
1874	113	130
1875	112	130
1876	112	130
1877	112	129
1878	111	130
1879	111	130
1880	111	130
1881	111	130
1882	111	130
1883	111	129
1884	111	130
1885	110	130
1886	110	130
1887	110	130
1888	110	130
1889	110	130
1890	110	130
1891	110	130
1892	109	130
1893	110	130
1894	110	130
1895	110	130
1896	110	130
1897	110	130
1898	110	130
1899	110	130
1900	111	130
1901	111	130
1902	111	130
1903	111	130
1904	111	130
1905	111	130
1906	112	129
1907	112	130
1908	112	130
1909	112	130
1910	113	130
1911	113	130
1912	113	130
1913	113	130
1914	113	130
1915	113	130
1916	113	130
1917	113	130
1918	113	130
1919	113	130
1920	113	130
1921	113	130
1922	113	130
1923	113	130
1924	113	129
1925	112	130
1926	112	130
1927	112	130
1928	112	130
1929	112	130
1930	112	130
1931	112	130
1932	112	130
1933	112	130
1934	112	130
1935	112	130
1936	112	130
1937	111	130
1938	111	130
1939	112	129
1940	111	130
1941	111	130
1942	112	130
1943	112	130
1944	112	130
1945	112	130
1946	112	130
1947	112	130
1948	112	130
1949	112	130
1950	112	130
1951	112	130
1952	112	130
1953	112	130
1954	112	129
1955	112	129
1956	113	130
1957	113	129
1958	113	130
1959	113	130
1960	113	130
1961	113	130
1962	113	130
1963	113	130
1964	113	130
1965	113	129
1966	113	130
1967	113	130
1968	113	130
1969	113	130
1970	113	130
1971	113	130
1972	113	129
1973	113	130
1974	113	129
1975	113	130
1976	113	130
1977	113	130
1978	113	130
1979	113	129
1980	113	130
1981	113	130
1982	113	130
1983	112	130
1984	112	130
1985	113	130
1986	112	130
1987	112	129
1988	112	130
1989	112	130
1990	112	130
1991	112	130
1992	112	130
1993	112	130
1994	112	130
1995	112	130
1996	112	130
1997	112	129
1998	112	130
1999	112	130
2000	112	130
2001	112	130
2002	112	130
2003	112	130
2004	112	129
2005	112	130
2006	112	130
2007	112	130
2008	112	130
2009	113	130
2010	113	130
2011	113	130
2012	113	130
2013	112	130
2014	113	130
2015	112	130
2016	112	130
2017	112	130
2018	112	130
2019	112	130
2020	112	130
2021	112	130
2022	112	130
2023	111	130
2024	111	130
2025	111	129
2026	111	130
2027	111	130
2028	111	130
2029	111	130
2030	111	130
2031	111	129
2032	111	130
2033	110	130
2034	111	130
2035	110	130
2036	111	130
2037	111	130
2038	111	130
2039	111	130
2040	111	130
2041	111	130
2042	111	130
2043	112	130
2044	112	130
2045	112	130
2046	112	130
2047	112	130
2048	113	130
2049	113	130
2050	113	130
2051	113	130
2052	114	130
2053	114	130
2054	114	130
2055	114	130
2056	114	129
2057	114	130
2058	114	130
2059	114	130
2060	114	130
2061	114	130
2062	114	130
2063	114	130
2064	114	130
2065	114	130
2066	113	130
2067	113	130
2068	113	129
2069	113	130
2070	113	130
2071	112	130
2072	112	130
2073	114	130
2074	112	129
2075	113	130
2076	113	130
2077	112	130
2078	112	130
2079	112	130
2080	111	130
2081	109	130
2082	109	130
2083	107	130
2084	107	130
2085	105	130
2086	104	130
2087	103	130
2088	101	129
2089	99	130
2090	97	130
2091	95	130
2092	93	130
2093	92	130
2094	91	130
2095	90	130
2096	89	130
2097	88	130
2098	87	130
2099	86	130
2100	85	130
2101	85	130
2102	85	130
2103	84	130
2104	84	130
2105	83	130
2106	83	130
2107	83	130
2108	83	130
2109	83	130
2110	82	130
2111	82	130
2112	82	130
2113	82	130
2114	82	130
2115	82	130
2116	81	129
2117	81	130
2118	81	130
2119	81	130
2120	81	130
2121	81	130
2122	81	129
2123	81	130
2124	81	130
2125	81	130
2126	81	130
2127	81	129
2128	81	129
2129	81	130
2130	81	130
2131	81	130
2132	81	130
2133	81	130
2134	81	130
2135	81	130
2136	81	129
2137	81	130
2138	81	130
2139	81	130
2140	81	130
2141	81	130
2142	81	130
2143	81	130
2144	81	130
2145	81	130
2146	81	130
2147	81	130
2148	81	130
2149	81	130
2150	81	130
2151	81	130
2152	81	130
2153	81	130
2154	80	130
2155	80	129
2156	81	129
2157	81	130
2158	81	130
2159	81	130
2160	81	130
2161	81	130
2162	81	130
2163	81	130
2164	81	130
2165	81	130
2166	81	130
2167	80	130
2168	81	130
2169	81	130
2170	80	130
2171	81	130
2172	81	130
2173	81	130
2174	81	130
2175	81	130
2176	81	130
2177	81	130
2178	81	130
2179	81	130
2180	81	130
2181	81	130
2182	81	130
2183	81	130
2184	81	130
2185	81	130
2186	81	130
2187	81	130
2188	81	130
2189	81	130
2190	81	130
2191	81	130
2192	81	130
2193	81	130
2194	81	130
2195	81	130
2196	81	129
2197	81	130
2198	81	130
2199	81	130
2200	81	130
2201	80	130
2202	81	130
2203	81	130
2204	81	130
2205	81	130
2206	81	130
2207	81	130
2208	81	130
2209	80	130
2210	80	130
2211	81	130
2212	80	130
2213	81	130
2214	81	130
2215	81	130
2216	81	130
2217	81	130
2218	81	130
2219	81	130
2220	81	130
2221	81	130
2222	81	130
2223	81	130
2224	81	129
2225	81	130
2226	81	130
2227	81	130
2228	81	130
2229	80	130
2230	81	130
2231	81	130
2232	81	130
2233	81	130
2234	81	130
2235	80	130
2236	81	130
2237	81	130
2238	81	129
2239	81	130
2240	81	130
2241	81	130
2242	81	130
2243	81	130
2244	81	130
2245	81	130
2246	81	130
2247	81	130
2248	81	130
2249	81	130
2250	81	130
2251	81	130
2252	81	130
2253	81	130
2254	81	130
2255	81	130
2256	81	130
2257	81	129
2258	81	130
2259	81	130
2260	81	130
2261	81	130
2262	81	130
2263	81	130
2264	81	130
2265	81	130
2266	81	130
2267	81	130
2268	81	130
2269	81	130
2270	81	130
2271	81	129
2272	81	130
2273	81	130
2274	81	130
2275	81	130
2276	81	130
2277	81	130
2278	81	130
2279	81	130
2280	81	130
2281	81	130
2282	81	130
2283	81	130
2284	81	130
2285	81	130
2286	81	130
2287	81	130
2288	81	130
2289	81	130
2290	81	130
2291	81	130
2292	81	130
2293	81	130
2294	81	130
2295	81	130
2296	81	130
2297	81	130
2298	81	130
2299	81	129
2300	81	130
2301	81	130
2302	81	130
2303	81	130
2304	81	130
2305	81	130
2306	81	129
2307	81	130
2308	81	130
2309	81	130
2310	81	130
2311	81	130
2312	81	130
2313	81	130
2314	81	130
2315	80	130
2316	80	129
2317	80	130
2318	81	130
2319	81	130
2320	81	130
2321	81	130
2322	81	130
2323	81	130
2324	81	130
2325	80	130
2326	80	130
2327	81	130
2328	81	130
2329	81	129
2330	81	130
2331	80	130
2332	81	130
2333	81	130
2334	81	130
2335	81	130
2336	81	130
2337	80	130
2338	81	130
2339	81	130
2340	81	130
2341	80	130
2342	80	130
2343	80	130
2344	80	130
2345	80	130
2346	80	130
2347	80	129
2348	80	130
2349	80	130
2350	80	130
2351	81	130
2352	81	130
2353	81	130
2354	81	130
2355	81	130
2356	81	130
2357	81	130
2358	81	130
2359	81	130
2360	81	130
2361	81	130
2362	81	130
2363	81	130
2364	81	129
2365	81	130
2366	81	130
2367	81	130
2368	81	130
2369	81	130
2370	81	130
2371	81	130
2372	81	130
2373	81	130
2374	81	130
2375	81	130
2376	81	130
2377	81	130
2378	81	130
2379	81	130
2380	81	130
2381	81	130
2382	80	130
2383	80	130
2384	81	130
2385	81	130
2386	80	130
2387	81	130
2388	80	130
2389	81	130
2390	80	130
2391	81	130
2392	80	130
2393	80	130
2394	80	130
2395	80	130
2396	80	130
2397	80	130
2398	81	130
2399	81	130
2400	81	129
2401	81	130
2402	80	130
2403	81	130
2404	81	130
2405	81	130
2406	80	130
2407	81	130
2408	81	130
2409	81	129
2410	81	130
2411	81	130
2412	81	130
2413	81	130
2414	81	130
2415	81	130
2416	81	130
2417	81	130
2418	81	130
2419	81	130
2420	81	130
2421	81	130
2422	81	130
2423	81	130
2424	81	130
2425	81	130
2426	81	130
2427	80	130
2428	80	130
2429	81	130
2430	80	130
2431	81	130
2432	81	130
2433	80	129
2434	81	130
2435	81	130
2436	81	130
2437	81	130
2438	81	130
2439	81	129
2440	81	130
2441	81	130
2442	81	130
2443	81	130
2444	81	130
2445	80	130
2446	81	130
2447	81	130
2448	81	130
2449	80	130
2450	81	130
2451	81	130
2452	81	130
2453	81	130
2454	81	130
2455	81	130
2456	81	130
2457	81	130
2458	81	130
2459	81	130
2460	81	130
2461	81	130
2462	81	130
2463	81	130
2464	81	130
2465	81	130
2466	81	130
2467	81	130
2468	81	130
2469	81	130
2470	81	130
2471	80	130
2472	81	130
2473	80	130
2474	81	130
2475	80	130
2476	81	130
2477	81	130
2478	81	130
2479	81	130
2480	80	130
2481	81	130
2482	81	130
2483	81	130
2484	81	130
2485	81	130
2486	81	130
2487	81	130
2488	80	130
2489	81	130
2490	81	130
2491	81	130
2492	81	130
2493	80	130
2494	81	130
2495	81	130
2496	81	130
2497	80	130
2498	81	130
2499	81	130
2500	81	130
2501	80	130
2502	80	130
2503	81	130
2504	80	130
2505	81	130
2506	81	130
2507	81	130
2508	81	130
2509	81	130
2510	80	130
2511	81	130
2512	81	129
2513	80	130
2514	81	130
2515	81	130
2516	81	129
2517	81	130
2518	81	130
2519	81	130
2520	81	130
2521	81	130
2522	81	130
2523	81	129
2524	81	130
2525	81	129
2526	81	129
2527	81	130
2528	80	129
2529	81	130
2530	80	130
2531	81	130
2532	80	130
2533	80	130
2534	81	129
2535	81	130
2536	80	130
2537	81	130
2538	81	129
2539	80	130
2540	81	130
2541	81	129
2542	81	130
2543	80	130
2544	81	130
2545	81	130
2546	80	129
2547	80	130
2548	80	130
2549	80	129
2550	81	130
2551	81	130
2552	80	130
2553	81	130
2554	81	130
2555	80	130
2556	81	130
2557	81	130
2558	80	130
2559	81	130
2560	81	129
2561	81	130
2562	81	130
2563	81	130
2564	83	130
2565	84	130
2566	89	130
2567	123	130
2568	255	130
2569	255	129
2570	255	130
2571	255	130
2572	246	130
2573	188	130
2574	166	129
2575	155	130
2576	126	130
2577	126	129
2578	115	129
2579	105	130
2580	105	130
2581	101	130
2582	97	129
2583	95	129
2584	93	130
2585	91	129
2586	90	130
2587	89	130
2588	89	130
2589	88	130
2590	88	130
2591	87	130
2592	87	130
2593	87	130
2594	87	130
2595	87	130
2596	86	130
2597	86	130
2598	86	130
2599	87	130
2600	87	129
2601	87	130
2602	87	130
2603	88	130
2604	89	130
2605	91	130
2606	93	130
2607	96	130
2608	99	130
2609	101	130
2610	105	130
2611	109	130
2612	114	130
2613	119	130
2614	125	130
2615	130	130
2616	136	130
2617	141	130
2618	145	130
2619	149	130
2620	151	130
2621	152	129
2622	151	130
2623	149	130
2624	146	130
2625	143	130
2626	138	130
2627	134	129
2628	129	130
2629	125	130
2630	121	130
2631	117	130
2632	114	130
2633	111	130
2634	108	130
2635	106	129
2636	104	130
2637	102	130
2638	101	129
2639	99	130
2640	98	130
2641	97	130
2642	97	130
2643	96	130
2644	95	129
2645	95	129
2646	95	130
2647	95	130
2648	95	130
2649	95	130
2650	96	130
2651	96	130
2652	97	130
2653	97	130
2654	98	130
2655	100	129
2656	101	129
2657	102	129
2658	104	130
2659	106	129
2660	108	130
2661	110	130
2662	112	130
2663	115	130
2664	118	130
2665	120	130
2666	123	130
2667	125	130
2668	127	130
2669	129	130
2670	131	130
2671	131	130
2672	132	130
2673	132	130
2674	131	130
2675	131	130
2676	129	129
2677	127	130
2678	125	129
2679	123	130
2680	122	130
2681	119	130
2682	117	130
2683	115	130
2684	113	130
2685	111	130
2686	109	130
2687	107	130
2688	106	130
2689	105	130
2690	103	130
2691	102	130
2692	101	130
2693	101	130
2694	100	130
2695	100	130
2696	99	130
2697	99	130
2698	99	130
2699	99	130
2700	99	130
2701	99	130
2702	100	130
2703	100	130
2704	101	130
2705	101	130
2706	102	130
2707	103	130
2708	104	130
2709	105	130
2710	106	130
2711	108	130
2712	109	130
2713	111	130
2714	113	130
2715	114	130
2716	116	130
2717	117	130
2718	119	130
2719	121	130
2720	122	130
2721	123	130
2722	124	130
2723	125	130
2724	126	130
2725	125	130
2726	125	130
2727	125	130
2728	124	130
2729	123	129
2730	122	130
2731	121	130
2732	120	130
2733	118	130
2734	117	130
2735	115	130
2736	114	130
2737	112	130
2738	111	130
2739	110	130
2740	109	130
2741	108	130
2742	107	130
2743	106	130
2744	105	130
2745	104	130
2746	104	129
2747	103	130
2748	103	130
2749	102	130
2750	102	130
2751	102	130
2752	102	130
2753	102	130
2754	102	130
2755	103	130
2756	103	130
2757	103	130
2758	104	130
2759	104	130
2760	105	130
2761	106	130
2762	107	130
2763	108	130
2764	109	130
2765	110	129
2766	111	130
2767	112	130
2768	113	130
2769	115	130
2770	116	130
2771	117	130
2772	118	130
2773	119	130
2774	120	130
2775	120	130
2776	121	130
2777	121	130
2778	121	130
2779	121	130
2780	121	129
2781	121	129
2782	121	130
2783	120	130
2784	119	130
2785	118	130
2786	117	130
2787	116	130
2788	115	130
2789	114	130
2790	113	130
2791	112	130
2792	111	130
2793	110	130
2794	109	130
2795	109	130
2796	107	130
2797	107	130
2798	106	130
2799	106	130
2800	105	130
2801	105	129
2802	105	130
2803	104	130
2804	104	130
2805	104	130
2806	104	130
2807	104	130
2808	104	130
2809	104	130
2810	105	130
2811	105	130
2812	105	130
2813	106	130
2814	107	130
2815	108	130
2816	108	130
2817	109	130
2818	110	130
2819	111	130
2820	111	130
2821	113	130
2822	113	130
2823	114	130
2824	115	130
2825	116	130
2826	117	130
2827	117	130
2828	118	130
2829	119	130
2830	119	130
2831	119	130
2832	119	130
2833	119	130
2834	119	130
2835	118	130
2836	118	130
2837	117	130
2838	117	130
2839	116	130
2840	115	130
2841	115	130
2842	114	130
2843	113	130
2844	112	130
2845	111	130
2846	110	130
2847	110	130
2848	109	130
2849	108	130
2850	108	130
2851	107	130
2852	107	130
2853	106	130
2854	106	130
2855	106	130
2856	105	130
2857	105	130
2858	105	130
2859	105	129
2860	106	130
2861	106	130
2862	106	130
2863	107	130
2864	107	130
2865	107	130
2866	107	130
2867	109	130
2868	109	130
2869	110	130
2870	111	130
2871	111	130
2872	112	130
2873	113	130
2874	114	130
2875	114	130
2876	115	130
2877	116	130
2878	116	130
2879	117	130
2880	117	130
2881	118	130
2882	118	129
2883	119	130
2884	118	130
2885	118	130
2886	118	130
2887	118	130
2888	117	130
2889	117	130
2890	117	130
2891	116	130
2892	115	130
2893	115	130
2894	114	130
2895	113	130
2896	113	130
2897	112	130
2898	111	130
2899	111	130
2900	110	130
2901	110	130
2902	109	130
2903	109	130
2904	109	130
2905	108	130
2906	108	130
2907	108	130
2908	108	130
2909	108	130
2910	108	130
2911	108	130
2912	108	130
2913	108	130
2914	108	130
2915	109	129
2916	109	130
2917	110	130
2918	111	130
2919	111	130
2920	111	130
2921	112	130
2922	113	130
2923	113	129
2924	114	130
2925	115	130
2926	115	130
2927	116	130
2928	116	130
2929	116	130
2930	117	130
2931	117	130
2932	118	130
2933	117	130
2934	118	130
2935	118	130
2936	118	129
2937	117	130
2938	117	130
2939	117	130
2940	116	130
2941	116	130
2942	115	130
2943	115	130
2944	114	130
2945	113	130
2946	113	130
2947	112	130
2948	111	130
2949	111	130
2950	110	130
2951	109	130
2952	109	130
2953	108	130
2954	108	130
2955	108	130
2956	108	130
2957	107	130
2958	107	130
2959	107	129
2960	108	130
2961	108	130
2962	107	130
2963	108	130
2964	108	129
2965	109	130
2966	109	130
2967	109	130
2968	110	130
2969	110	130
2970	111	130
2971	112	130
2972	112	130
2973	113	130
2974	113	130
2975	114	129
2976	115	129
2977	115	130
2978	116	130
2979	116	130
2980	117	130
2981	117	130
2982	117	130
2983	117	130
2984	118	130
2985	118	130
2986	117	130
2987	117	130
2988	117	129
2989	117	130
2990	117	130
2991	116	130
2992	116	130
2993	115	130
2994	115	130
2995	114	129
2996	114	130
2997	113	130
2998	113	130
2999	112	130
3000	112	130
3001	111	130
3002	111	130
3003	110	130
3004	110	130
3005	109	130
3006	109	130
3007	109	130
3008	109	130
3009	108	130
3010	109	130
3011	108	130
3012	109	130
3013	109	130
3014	109	130
3015	108	129
3016	109	130
3017	109	130
3018	109	129
3019	110	130
3020	110	130
3021	110	130
3022	111	129
3023	111	129
3024	112	130
3025	113	130
3026	113	130
3027	113	130
3028	114	130
3029	114	130
3030	115	130
3031	115	130
3032	115	129
3033	116	130
3034	116	130
3035	116	130
3036	116	130
3037	116	129
3038	116	130
3039	116	130
3040	115	130
3041	115	130
3042	115	130
3043	115	130
3044	114	130
3045	114	130
3046	113	130
3047	113	130
3048	113	130
3049	112	130
3050	112	130
3051	111	130
3052	111	130
3053	110	130
3054	110	130
3055	110	130
3056	109	130
3057	109	130
3058	108	129
3059	108	130
3060	108	130
3061	108	130
3062	108	129
3063	108	130
3064	108	130
3065	108	129
3066	107	130
3067	108	130
3068	108	130
3069	108	130
3070	109	129
3071	109	130
3072	109	129
3073	109	130
3074	109	130
3075	110	130
3076	110	130
3077	110	130
3078	111	130
3079	111	130
3080	111	130
3081	112	130
3082	112	130
3083	113	130
3084	113	130
3085	113	130
3086	113	130
3087	114	130
3088	114	130
3089	114	130
3090	114	130
3091	114	130
3092	114	130
3093	114	130
3094	114	130
3095	114	130
3096	114	130
3097	114	130
3098	114	130
3099	113	130
3100	113	130
3101	113	129
3102	113	130
3103	112	130
3104	112	130
3105	111	130
3106	111	130
3107	111	130
3108	111	130
3109	111	130
3110	110	130
3111	110	129
3112	110	130
3113	110	130
3114	109	129
3115	109	130
3116	109	130
3117	109	130
3118	109	130
3119	109	130
3120	109	130
3121	111	130
3122	109	129
3123	109	130
3124	110	130
3125	110	129
3126	111	130
3127	110	130
3128	110	129
3129	109	130
3130	108	130
3131	108	129
3132	107	130
3133	106	130
3134	105	130
3135	104	130
3136	102	130
3137	100	130
3138	99	130
3139	97	130
3140	95	130
3141	94	130
3142	92	130
3143	90	130
3144	89	130
3145	88	130
3146	87	130
3147	86	130
3148	86	130
3149	85	130
3150	84	130
3151	84	129
3152	84	130
3153	83	130
3154	83	130
3155	83	130
3156	83	129
3157	83	130
3158	82	130
3159	82	130
3160	82	130
3161	82	130
3162	82	130
3163	82	130
3164	81	130
3165	81	130
3166	82	130
3167	81	130
3168	81	130
3169	81	129
3170	81	130
3171	81	130
3172	81	130
3173	81	130
3174	81	130
3175	81	130
3176	81	129
3177	81	130
3178	81	130
3179	81	130
3180	81	130
3181	81	130
3182	81	130
3183	81	130
3184	81	130
3185	81	130
3186	81	130
3187	81	130
3188	81	130
3189	81	130
3190	81	130
3191	81	130
3192	81	130
3193	81	130
3194	81	130
3195	81	130
3196	81	130
3197	81	130
3198	81	130
3199	81	130
3200	80	130
3201	81	130
3202	80	130
3203	81	130
3204	81	130
3205	81	130
3206	81	130
3207	81	129
3208	81	130
3209	81	130
3210	81	130
3211	81	130
3212	80	130
3213	80	130
3214	81	130
3215	81	130
3216	80	130
3217	80	130
3218	81	130
3219	81	130
3220	81	130
3221	81	130
3222	81	130
3223	80	130
3224	81	130
3225	81	129
3226	81	130
3227	81	130
3228	81	130
3229	81	130
3230	81	130
3231	81	130
3232	81	130
3233	81	130
3234	81	130
3235	80	130
3236	80	130
3237	81	130
3238	81	129
3239	80	130
3240	80	130
3241	81	129
3242	81	130
3243	81	130
3244	81	130
3245	81	130
3246	81	130
3247	80	130
3248	81	130
3249	81	130
3250	81	130
3251	81	130
3252	81	130
3253	81	130
3254	80	130
3255	81	130
3256	81	130
3257	81	130
3258	81	130
3259	81	129
3260	81	130
3261	81	130
3262	81	130
3263	81	130
3264	81	130
3265	81	130
3266	81	130
3267	81	130
3268	81	130
3269	81	130
3270	81	130
3271	81	130
3272	81	130
3273	81	130
3274	81	130
3275	81	130
3276	81	129
3277	81	130
3278	81	130
3279	81	130
3280	81	130
3281	81	130
3282	81	130
3283	81	129
3284	81	130
3285	80	130
3286	81	130
3287	81	130
3288	80	129
3289	80	130
3290	81	130
3291	81	130
3292	81	130
3293	81	130
3294	81	130
3295	81	130
3296	81	130
3297	81	130
3298	80	130
3299	81	130
3300	81	130
3301	81	130
3302	81	130
3303	81	130
3304	81	130
3305	81	130
3306	80	130
3307	81	130
3308	81	130
3309	81	130
3310	81	130
3311	81	130
3312	81	130
3313	81	130
3314	81	130
3315	81	129
3316	81	130
3317	81	130
3318	81	130
3319	81	129
3320	81	130
3321	81	130
3322	81	130
3323	81	130
3324	81	130
3325	81	130
3326	81	130
3327	81	130
3328	81	130
3329	81	130
3330	81	130
3331	81	130
3332	81	130
3333	81	130
3334	80	130
3335	81	130
3336	81	130
3337	81	130
3338	81	130
3339	81	130
3340	81	130
3341	81	130
3342	81	130
3343	81	130
3344	81	130
3345	81	130
3346	80	130
3347	81	130
3348	81	130
3349	81	130
3350	81	130
3351	81	130
3352	81	130
3353	81	130
3354	81	130
3355	81	130
3356	80	130
3357	81	130
3358	81	130
3359	81	130
3360	80	130
3361	81	130
3362	80	130
3363	81	130
3364	81	130
3365	81	130
3366	81	130
3367	81	129
3368	81	130
3369	81	130
3370	80	130
3371	81	130
3372	81	130
3373	81	130
3374	81	130
3375	81	130
3376	81	130
3377	81	130
3378	80	130
3379	80	130
3380	81	130
3381	80	130
3382	81	130
3383	81	130
3384	80	130
3385	81	129
3386	80	130
3387	81	130
3388	80	130
3389	81	130
3390	81	130
3391	80	130
3392	81	129
3393	80	130
3394	80	130
3395	81	129
3396	80	130
3397	80	130
3398	80	130
3399	81	130
3400	81	130
3401	81	130
3402	81	130
3403	81	130
3404	81	130
3405	81	130
3406	81	130
3407	81	130
3408	81	130
3409	81	130
3410	81	130
3411	81	130
3412	81	130
3413	81	129
3414	81	130
3415	81	130
3416	81	130
3417	81	130
3418	81	130
3419	81	130
3420	81	130
3421	81	130
3422	81	130
3423	81	130
3424	81	130
3425	81	130
3426	81	130
3427	81	130
3428	81	130
3429	81	130
3430	80	130
3431	80	130
3432	80	129
3433	81	130
3434	81	130
3435	80	130
3436	80	130
3437	80	130
3438	81	129
3439	80	130
3440	80	130
3441	80	130
3442	81	130
3443	81	130
3444	80	130
3445	80	130
3446	81	130
3447	81	130
3448	80	129
3449	80	130
3450	80	130
3451	80	130
3452	81	130
3453	80	130
3454	81	130
3455	81	130
3456	81	130
3457	81	130
3458	81	130
3459	81	130
3460	81	130
3461	81	130
3462	81	130
3463	81	130
3464	81	130
3465	81	130
3466	81	130
3467	81	130
3468	81	130
3469	81	130
3470	81	130
3471	81	130
3472	81	130
3473	81	130
3474	81	130
3475	81	130
3476	81	130
3477	81	130
3478	81	130
3479	81	130
3480	81	130
3481	81	130
3482	80	130
3483	81	130
3484	81	130
3485	81	130
3486	81	130
3487	81	130
3488	81	130
3489	80	130
3490	81	130
3491	81	130
3492	81	130
3493	81	130
3494	81	130
3495	81	130
3496	81	130
3497	81	130
3498	80	130
3499	81	130
3500	80	130
3501	81	130
3502	80	130
3503	80	130
3504	81	130
3505	81	130
3506	81	130
3507	81	130
3508	81	130
3509	81	129
3510	81	130
3511	81	130
3512	80	130
3513	81	130
3514	81	130
3515	81	130
3516	81	130
3517	81	130
3518	81	130
3519	80	130
3520	81	130
3521	81	130
3522	80	130
3523	81	130
3524	81	130
3525	81	130
3526	81	130
3527	81	130
3528	81	130
3529	81	130
3530	80	130
3531	81	130
3532	81	130
3533	81	130
3534	80	130
3535	81	130
3536	81	129
3537	80	130
3538	81	130
3539	80	130
3540	81	129
3541	81	130
3542	81	130
3543	80	130
3544	80	130
3545	81	130
3546	80	130
3547	81	130
3548	81	130
3549	81	130
3550	81	130
3551	81	130
3552	81	130
3553	81	130
3554	81	130
3555	80	130
3556	81	130
3557	80	130
3558	80	130
3559	81	130
3560	81	130
3561	80	130
3562	81	130
3563	81	130
3564	81	130
3565	80	130
3566	81	130
3567	81	130
3568	81	130
3569	81	130
3570	81	130
3571	81	130
3572	80	130
3573	81	130
3574	81	130
3575	81	130
3576	80	130
3577	81	130
3578	81	130
3579	80	130
3580	81	129
3581	81	130
3582	81	130
3583	80	130
3584	81	130
3585	81	130
3586	80	130
3587	81	130
3588	81	130
3589	81	130
3590	80	130
3591	80	130
3592	81	130
3593	81	130
3594	81	130
3595	81	129
3596	81	130
3597	81	130
3598	81	129
3599	81	130
3600	81	130
3601	81	130
3602	81	130
3603	81	130
3604	81	130
3605	81	130
3606	81	130
3607	81	130
3608	81	130
3609	81	130
3610	81	130
3611	82	130
3612	83	130
3613	87	130
3614	100	130
3615	214	129
3616	255	130
3617	255	130
3618	255	130
3619	253	130
3620	195	130
3621	176	130
3622	163	130
3623	133	129
3624	134	130
3625	119	130
3626	110	130
3627	110	130
3628	104	130
3629	99	130
3630	98	130
3631	96	130
3632	93	130
3633	92	130
3634	91	130
3635	90	130
3636	89	130
3637	89	130
3638	88	130
3639	88	129
3640	88	130
3641	87	129
3642	87	130
3643	87	130
3644	88	130
3645	87	130
3646	88	130
3647	88	130
3648	88	130
3649	89	130
3650	90	130
3651	91	130
3652	93	130
3653	95	130
3654	97	130
3655	99	130
3656	103	130
3657	106	130
3658	110	130
3659	114	130
3660	118	130
3661	123	130
3662	129	130
3663	134	130
3664	139	130
3665	143	130
3666	146	130
3667	148	129
3668	149	130
3669	149	129
3670	148	130
3671	145	130
3672	142	129
3673	139	130
3674	135	130
3675	131	130
3676	127	130
3677	123	130
3678	120	130
3679	117	129
3680	114	130
3681	111	130
3682	109	130
3683	107	130
3684	105	130
3685	103	130
3686	102	129
3687	101	130
3688	100	130
3689	99	129
3690	99	130
3691	98	130
3692	98	130
3693	98	130
3694	98	130
3695	98	130
3696	98	130
3697	99	129
3698	99	130
3699	100	130
3700	101	130
3701	102	130
3702	103	130
3703	104	130
3704	106	130
3705	107	129
3706	109	130
3707	111	130
3708	113	130
3709	116	130
3710	118	130
3711	120	130
3712	123	129
3713	125	129
3714	126	130
3715	129	130
3716	129	130
3717	130	130
3718	131	130
3719	131	130
3720	131	130
3721	130	130
3722	129	130
3723	128	130
3724	126	130
3725	124	130
3726	123	130
3727	120	130
3728	119	130
3729	117	130
3730	115	130
3731	113	130
3732	112	130
3733	111	129
3734	109	130
3735	108	130
3736	107	130
3737	106	130
3738	105	130
3739	104	130
3740	103	130
3741	103	130
3742	103	130
3743	103	130
3744	102	130
3745	102	130
3746	103	130
3747	102	130
3748	103	130
3749	103	130
3750	104	130
3751	104	130
3752	105	129
3753	106	130
3754	107	130
3755	108	130
3756	109	130
3757	109	130
3758	111	129
3759	112	130
3760	113	130
3761	114	130
3762	115	130
3763	117	129
3764	118	130
3765	118	130
3766	119	130
3767	120	130
3768	120	130
3769	120	130
3770	121	130
3771	120	130
3772	120	130
3773	119	130
3774	118	130
3775	116	130
3776	115	130
3777	113	130
3778	112	130
3779	110	130
3780	109	130
3781	108	130
3782	107	129
3783	107	130
3784	106	130
3785	106	130
3786	106	130
3787	106	130
3788	106	130
3789	106	130
3790	107	130
3791	107	130
3792	107	130
3793	107	129
3794	108	129
3795	109	130
3796	109	130
3797	110	130
3798	111	129
3799	111	130
3800	112	130
3801	113	130
3802	114	130
3803	115	130
3804	116	130
3805	117	130
3806	118	129
3807	118	130
3808	119	130
3809	119	130
3810	120	130
3811	120	130
3812	120	130
3813	120	130
3814	120	130
3815	120	130
3816	120	130
3817	119	130
3818	119	130
3819	118	130
3820	118	130
3821	117	130
3822	116	129
3823	115	130
3824	114	130
3825	113	130
3826	113	130
3827	112	130
3828	111	130
3829	110	129
3830	110	130
3831	109	130
3832	109	130
3833	108	129
3834	108	129
3835	108	130
3836	107	130
3837	107	130
3838	107	130
3839	107	130
3840	108	130
3841	108	130
3842	107	130
3843	108	130
3844	108	130
3845	109	129
3846	109	130
3847	110	130
3848	110	130
3849	111	130
3850	112	130
3851	112	130
3852	113	130
3853	113	129
3854	114	130
3855	115	130
3856	115	130
3857	116	130
3858	117	129
3859	117	130
3860	117	130
3861	118	130
3862	118	130
3863	118	130
3864	118	130
3865	118	130
3866	118	130
3867	117	130
3868	117	130
3869	117	130
3870	116	130
3871	116	130
3872	115	130
3873	114	130
3874	113	130
3875	113	130
3876	112	130
3877	112	130
3878	111	130
3879	111	130
3880	110	130
3881	109	130
3882	109	129
3883	109	129
3884	109	129
3885	108	130
3886	108	130
3887	108	130
3888	107	130
3889	107	130
3890	108	130
3891	108	130
3892	108	130
3893	108	130
3894	108	130
3895	108	130
3896	109	130
3897	109	130
3898	110	130
3899	110	130
3900	110	130
3901	111	130
3902	112	130
3903	112	130
3904	113	130
3905	113	130
3906	114	130
3907	114	130
3908	115	130
3909	115	130
3910	116	129
3911	116	130
3912	117	130
3913	116	130
3914	117	130
3915	117	130
3916	116	130
3917	116	130
3918	116	130
3919	115	130
3920	115	130
3921	115	130
3922	114	130
3923	114	130
3924	113	130
3925	113	130
3926	113	130
3927	112	130
3928	111	130
3929	111	130
3930	111	130
3931	111	130
3932	111	130
3933	110	130
3934	110	130
3935	109	130
3936	110	130
3937	110	130
3938	109	130
3939	110	130
3940	110	130
3941	110	130
3942	110	130
3943	110	130
3944	110	130
3945	110	130
3946	111	130
3947	111	130
3948	111	130
3949	112	130
3950	112	130
3951	112	130
3952	112	130
3953	113	130
3954	113	130
3955	114	130
3956	114	130
3957	114	129
3958	114	130
3959	115	130
3960	115	130
3961	115	130
3962	115	130
3963	115	130
3964	115	129
3965	115	130
3966	115	130
3967	115	130
3968	115	130
3969	115	130
3970	115	130
3971	114	130
3972	114	130
3973	114	130
3974	113	130
3975	113	130
3976	113	130
3977	113	130
3978	112	130
3979	112	130
3980	111	130
3981	111	129
3982	111	130
3983	110	130
3984	110	130
3985	109	130
3986	109	130
3987	109	130
3988	109	130
3989	109	130
3990	109	129
3991	109	130
3992	108	130
3993	109	130
3994	109	130
3995	109	130
3996	109	130
3997	109	130
3998	109	130
3999	110	130
4000	110	130
4001	110	130
4002	111	130
4003	111	130
4004	112	130
4005	112	130
4006	113	130
4007	113	130
4008	113	130
4009	114	130
4010	114	130
4011	114	129
4012	114	130
4013	115	130
4014	115	130
4015	115	130
4016	115	130
4017	115	130
4018	115	130
4019	115	129
4020	114	130
4021	114	130
4022	114	130
4023	114	130
4024	113	130
4025	113	130
4026	113	130
4027	113	129
4028	112	130
4029	112	130
4030	112	130
4031	111	130
4032	111	130
4033	111	130
4034	110	130
4035	109	130
4036	109	130
4037	109	130
4038	109	130
4039	109	130
4040	109	130
4041	109	130
4042	109	130
4043	109	129
4044	109	130
4045	109	130
4046	109	130
4047	109	130
4048	109	130
4049	110	130
4050	110	130
4051	111	130
4052	111	130
4053	111	130
4054	112	129
4055	112	130
4056	113	130
4057	113	130
4058	113	130
4059	114	130
4060	114	130
4061	115	130
4062	115	130
4063	115	129
4064	115	130
4065	115	130
4066	115	130
4067	116	130
4068	115	130
4069	115	130
4070	115	130
4071	115	130
4072	115	130
4073	115	130
4074	115	130
4075	115	130
4076	114	130
4077	113	129
4078	113	130
4079	113	130
4080	113	130
4081	112	130
4082	112	129
4083	112	129
4084	111	129
4085	111	130
4086	111	129
4087	111	129
4088	111	130
4089	110	130
4090	110	129
4091	110	130
4092	110	130
4093	110	130
4094	111	130
4095	110	130
