
TIME STEP:
125 = 50us

VOLTAGE STEP:
CH1:  32 = 0.15V
CH2:  32 = 5V
GND	75	128
N	CH1	CH2

0	85	130
1	84	130
2	83	130
3	83	129
4	82	130
5	83	130
6	82	129
7	82	130
8	81	130
9	81	130
10	81	130
11	81	130
12	81	130
13	81	130
14	80	130
15	80	130
16	80	130
17	80	129
18	80	130
19	80	130
20	80	130
21	80	130
22	80	130
23	80	129
24	80	129
25	79	129
26	81	130
27	80	129
28	79	130
29	79	129
30	79	130
31	79	130
32	79	130
33	80	129
34	79	129
35	79	130
36	79	130
37	79	130
38	79	130
39	79	130
40	79	130
41	79	129
42	79	130
43	79	129
44	79	130
45	79	130
46	79	130
47	79	130
48	79	130
49	79	130
50	79	130
51	79	130
52	79	130
53	79	130
54	79	130
55	79	130
56	78	129
57	79	130
58	78	130
59	79	130
60	79	130
61	79	130
62	79	130
63	79	130
64	79	129
65	79	130
66	79	130
67	79	129
68	79	130
69	79	130
70	79	130
71	79	130
72	79	130
73	79	130
74	79	129
75	79	130
76	79	130
77	79	130
78	79	130
79	79	130
80	79	130
81	79	130
82	79	129
83	79	130
84	79	129
85	79	130
86	79	130
87	79	130
88	79	130
89	79	130
90	79	130
91	79	130
92	79	130
93	79	129
94	79	130
95	79	130
96	79	130
97	79	130
98	79	130
99	79	130
100	79	130
101	79	129
102	79	130
103	79	130
104	79	130
105	79	130
106	79	130
107	79	130
108	79	130
109	79	130
110	79	130
111	79	130
112	79	130
113	79	129
114	79	130
115	79	130
116	79	130
117	79	130
118	79	130
119	79	130
120	79	130
121	79	130
122	79	129
123	79	130
124	79	130
125	79	130
126	79	130
127	79	130
128	79	130
129	79	129
130	79	130
131	79	130
132	80	130
133	79	129
134	79	129
135	79	129
136	77	130
137	78	129
138	79	129
139	79	130
140	79	130
141	79	130
142	79	130
143	79	130
144	79	130
145	79	130
146	78	130
147	79	130
148	79	130
149	79	130
150	79	129
151	79	130
152	79	130
153	79	130
154	79	129
155	79	130
156	79	130
157	79	130
158	79	130
159	79	130
160	79	130
161	79	130
162	79	130
163	79	129
164	78	129
165	79	130
166	79	130
167	79	130
168	79	130
169	79	130
170	79	130
171	79	129
172	79	130
173	79	130
174	79	130
175	78	130
176	78	130
177	79	130
178	79	130
179	79	130
180	79	129
181	79	130
182	79	129
183	79	130
184	79	130
185	79	130
186	79	130
187	79	130
188	79	130
189	79	130
190	79	130
191	79	130
192	79	130
193	79	130
194	79	130
195	79	130
196	79	130
197	79	130
198	79	130
199	79	130
200	79	130
201	79	130
202	79	130
203	79	130
204	79	130
205	78	130
206	79	129
207	79	129
208	79	130
209	79	130
210	79	130
211	79	130
212	79	130
213	79	130
214	79	130
215	79	130
216	79	129
217	79	130
218	79	130
219	79	130
220	79	130
221	79	130
222	79	130
223	79	130
224	79	130
225	79	130
226	79	130
227	79	129
228	79	130
229	79	129
230	79	130
231	79	130
232	79	129
233	79	129
234	79	130
235	79	130
236	78	130
237	79	129
238	79	130
239	77	130
240	79	129
241	77	129
242	76	129
243	78	130
244	79	129
245	79	129
246	79	129
247	79	129
248	78	129
249	78	130
250	78	129
251	78	130
252	78	130
253	79	129
254	79	130
255	79	130
256	80	129
257	80	130
258	80	129
259	80	129
260	80	130
261	80	129
262	80	130
263	79	130
264	79	129
265	80	129
266	79	130
267	79	130
268	80	130
269	80	130
270	79	129
271	81	130
272	79	130
273	79	129
274	80	130
275	79	130
276	79	130
277	79	130
278	79	130
279	79	129
280	78	129
281	78	129
282	78	130
283	79	130
284	78	130
285	79	130
286	79	129
287	78	130
288	79	130
289	78	130
290	79	130
291	78	130
292	78	129
293	78	130
294	78	130
295	78	130
296	79	130
297	78	130
298	78	130
299	78	129
300	79	130
301	79	129
302	79	130
303	79	130
304	78	130
305	79	130
306	79	129
307	79	130
308	79	129
309	79	129
310	79	130
311	79	130
312	79	129
313	79	130
314	79	130
315	79	129
316	79	130
317	79	130
318	79	130
319	79	130
320	79	130
321	79	130
322	79	129
323	79	130
324	79	130
325	79	130
326	79	130
327	79	130
328	79	130
329	79	130
330	79	129
331	79	130
332	79	130
333	79	130
334	79	129
335	79	130
336	79	130
337	79	130
338	79	130
339	79	130
340	79	130
341	79	129
342	79	130
343	79	130
344	79	129
345	79	130
346	78	130
347	79	129
348	77	129
349	79	129
350	80	130
351	80	130
352	80	130
353	79	130
354	78	129
355	79	130
356	78	130
357	79	130
358	79	129
359	79	130
360	79	130
361	79	130
362	79	130
363	78	130
364	79	130
365	79	130
366	79	130
367	79	130
368	79	129
369	79	129
370	79	130
371	79	129
372	79	129
373	79	129
374	79	129
375	79	130
376	79	129
377	79	130
378	79	130
379	79	130
380	79	130
381	78	130
382	79	130
383	79	130
384	79	130
385	78	130
386	79	130
387	78	130
388	79	130
389	79	130
390	80	129
391	81	130
392	82	130
393	85	130
394	99	130
395	217	130
396	255	130
397	255	130
398	255	130
399	242	130
400	228	130
401	183	130
402	143	130
403	148	130
404	117	130
405	112	130
406	112	130
407	101	130
408	98	130
409	97	130
410	94	130
411	92	130
412	91	130
413	90	130
414	89	130
415	89	130
416	90	129
417	90	130
418	90	130
419	91	129
420	93	130
421	95	130
422	98	130
423	102	130
424	107	130
425	113	130
426	121	129
427	131	130
428	143	129
429	156	130
430	172	130
431	188	129
432	203	130
433	215	130
434	222	130
435	223	129
436	218	129
437	208	130
438	195	129
439	181	130
440	167	130
441	155	130
442	145	130
443	135	130
444	128	130
445	121	130
446	116	130
447	112	129
448	109	130
449	106	129
450	104	130
451	103	130
452	102	130
453	101	129
454	101	130
455	101	129
456	102	130
457	103	130
458	104	130
459	105	130
460	107	130
461	110	130
462	113	130
463	118	130
464	123	129
465	129	130
466	135	130
467	142	130
468	150	129
469	157	130
470	165	130
471	172	130
472	178	130
473	182	130
474	185	130
475	185	130
476	183	130
477	179	129
478	173	129
479	167	130
480	161	130
481	154	130
482	148	130
483	142	130
484	137	129
485	132	129
486	127	130
487	124	130
488	121	130
489	118	129
490	117	130
491	115	130
492	114	130
493	113	129
494	113	130
495	113	130
496	113	130
497	114	129
498	115	130
499	116	130
500	118	130
501	121	130
502	123	130
503	126	130
504	130	130
505	134	130
506	138	130
507	142	129
508	147	130
509	151	129
510	155	129
511	159	130
512	161	130
513	163	130
514	164	130
515	164	130
516	163	130
517	161	130
518	159	130
519	155	130
520	152	130
521	148	130
522	145	130
523	141	130
524	138	129
525	135	130
526	132	130
527	129	130
528	127	130
529	125	130
530	124	130
531	122	130
532	122	130
533	121	130
534	121	129
535	121	130
536	121	129
537	122	130
538	122	130
539	124	130
540	125	130
541	127	130
542	129	129
543	131	130
544	133	130
545	135	130
546	138	130
547	140	129
548	141	130
549	138	130
550	133	130
551	132	130
552	133	130
553	134	130
554	137	130
555	139	130
556	142	130
557	144	130
558	146	130
559	148	130
560	150	130
561	151	130
562	152	130
563	153	129
564	153	130
565	152	130
566	151	129
567	150	130
568	149	129
569	148	130
570	146	130
571	145	129
572	143	130
573	141	130
574	139	130
575	138	129
576	137	129
577	136	130
578	135	130
579	134	130
580	135	129
581	135	130
582	135	129
583	136	130
584	137	130
585	138	130
586	140	129
587	141	130
588	143	130
589	145	130
590	147	129
591	149	130
592	149	130
593	150	130
594	149	130
595	149	130
596	148	130
597	147	130
598	145	129
599	143	130
600	142	129
601	140	130
602	139	130
603	137	130
604	135	130
605	134	130
606	133	130
607	133	130
608	132	130
609	131	130
610	131	130
611	131	130
612	131	129
613	132	130
614	132	129
615	132	129
616	133	129
617	133	129
618	133	130
619	134	130
620	134	130
621	134	130
622	135	130
623	135	129
624	135	129
625	135	130
626	134	130
627	133	130
628	133	130
629	133	130
630	133	130
631	133	130
632	133	130
633	134	130
634	134	130
635	134	130
636	135	130
637	135	130
638	135	130
639	135	129
640	135	130
641	135	130
642	135	130
643	135	130
644	135	129
645	135	130
646	135	130
647	134	130
648	135	130
649	136	129
650	136	129
651	137	130
652	138	130
653	139	130
654	141	130
655	142	130
656	143	130
657	143	129
658	142	130
659	142	130
660	142	129
661	142	130
662	141	130
663	141	130
664	141	130
665	141	130
666	141	130
667	142	130
668	142	130
669	143	129
670	143	130
671	145	130
672	144	130
673	145	129
674	146	130
675	146	129
676	147	129
677	146	130
678	146	130
679	146	130
680	145	130
681	145	130
682	144	130
683	143	130
684	143	130
685	142	130
686	141	130
687	141	130
688	140	130
689	140	129
690	140	130
691	139	130
692	139	130
693	139	129
694	139	130
695	139	130
696	139	130
697	139	130
698	139	130
699	140	129
700	140	130
701	139	130
702	141	129
703	141	130
704	141	129
705	142	130
706	141	129
707	143	130
708	143	130
709	143	130
710	143	129
711	143	130
712	144	130
713	143	130
714	143	130
715	143	130
716	143	130
717	143	130
718	142	129
719	142	130
720	142	130
721	141	130
722	141	130
723	141	130
724	140	129
725	140	130
726	139	130
727	139	130
728	139	130
729	138	130
730	139	129
731	138	130
732	138	130
733	138	130
734	138	130
735	138	130
736	138	130
737	139	130
738	139	130
739	139	129
740	139	130
741	139	130
742	139	130
743	139	130
744	140	129
745	140	130
746	140	130
747	140	130
748	140	129
749	139	129
750	139	130
751	139	130
752	138	130
753	138	129
754	137	130
755	137	130
756	136	130
757	136	130
758	135	130
759	135	130
760	135	130
761	134	130
762	134	130
763	134	130
764	134	130
765	134	130
766	134	130
767	134	130
768	134	130
769	135	130
770	135	130
771	135	130
772	136	130
773	137	130
774	137	130
775	138	129
776	138	130
777	138	130
778	139	130
779	139	130
780	141	130
781	141	130
782	142	130
783	141	130
784	142	130
785	141	130
786	140	130
787	139	130
788	137	130
789	136	130
790	136	130
791	135	130
792	136	130
793	137	130
794	137	130
795	138	130
796	140	130
797	141	130
798	142	130
799	144	129
800	145	130
801	146	130
802	147	129
803	148	129
804	148	130
805	149	130
806	148	129
807	148	129
808	147	129
809	146	130
810	145	129
811	143	130
812	141	130
813	140	130
814	138	130
815	137	129
816	135	130
817	133	130
818	132	130
819	131	129
820	130	130
821	130	130
822	129	130
823	128	130
824	128	130
825	128	130
826	128	130
827	128	130
828	128	130
829	129	130
830	129	130
831	130	130
832	130	130
833	131	130
834	131	130
835	132	130
836	133	130
837	134	130
838	135	130
839	136	130
840	136	130
841	137	130
842	138	130
843	139	130
844	139	129
845	140	129
846	140	130
847	140	129
848	140	130
849	139	129
850	139	129
851	139	130
852	138	130
853	137	130
854	137	130
855	136	130
856	136	130
857	135	129
858	135	130
859	135	130
860	134	130
861	134	130
862	135	130
863	135	130
864	135	129
865	135	129
866	136	130
867	137	129
868	137	130
869	138	130
870	139	130
871	139	129
872	140	130
873	141	130
874	142	130
875	142	130
876	143	130
877	143	130
878	143	130
879	143	130
880	143	130
881	142	129
882	142	130
883	142	130
884	141	130
885	141	130
886	140	130
887	140	130
888	140	129
889	140	130
890	138	129
891	137	130
892	138	130
893	137	130
894	138	130
895	138	129
896	138	130
897	138	130
898	138	130
899	139	130
900	139	129
901	139	130
902	139	129
903	139	130
904	140	129
905	140	130
906	141	130
907	141	130
908	140	130
909	140	129
910	139	130
911	138	130
912	137	130
913	136	130
914	135	130
915	134	130
916	135	129
917	134	130
918	135	130
919	135	130
920	135	129
921	136	129
922	137	130
923	138	130
924	138	130
925	139	130
926	140	129
927	141	130
928	141	130
929	142	130
930	142	129
931	143	130
932	143	129
933	143	130
934	143	129
935	143	130
936	142	129
937	142	129
938	141	130
939	140	130
940	140	130
941	139	129
942	138	130
943	137	130
944	137	130
945	136	129
946	135	130
947	135	129
948	134	130
949	134	130
950	134	130
951	134	130
952	133	130
953	133	130
954	133	129
955	134	130
956	134	129
957	134	130
958	135	130
959	135	130
960	136	130
961	137	130
962	137	130
963	138	130
964	139	130
965	139	130
966	140	130
967	140	129
968	141	130
969	141	130
970	141	130
971	141	130
972	141	130
973	141	129
974	141	130
975	141	130
976	140	130
977	140	130
978	140	130
979	139	130
980	139	130
981	139	130
982	138	130
983	137	130
984	137	129
985	136	129
986	136	130
987	136	130
988	136	130
989	135	130
990	135	130
991	135	130
992	135	129
993	135	130
994	136	130
995	135	129
996	135	130
997	136	130
998	135	130
999	135	130
1000	137	130
1001	136	130
1002	137	129
1003	137	130
1004	138	130
1005	138	130
1006	138	130
1007	138	130
1008	139	130
1009	138	130
1010	139	130
1011	139	130
1012	139	130
1013	139	130
1014	138	130
1015	138	130
1016	138	130
1017	138	129
1018	137	129
1019	137	130
1020	137	130
1021	137	130
1022	136	130
1023	135	130
1024	135	129
1025	137	130
1026	135	130
1027	136	129
1028	137	130
1029	136	130
1030	136	129
1031	135	129
1032	134	130
1033	133	130
1034	131	129
1035	130	130
1036	126	129
1037	123	130
1038	120	130
1039	117	130
1040	115	130
1041	109	130
1042	107	129
1043	103	130
1044	99	130
1045	97	130
1046	94	129
1047	91	130
1048	89	130
1049	87	129
1050	86	130
1051	85	129
1052	84	129
1053	84	129
1054	83	130
1055	83	130
1056	82	130
1057	82	130
1058	82	130
1059	81	129
1060	81	130
1061	81	130
1062	80	130
1063	80	130
1064	80	130
1065	80	129
1066	80	130
1067	80	130
1068	80	129
1069	80	130
1070	80	130
1071	80	130
1072	80	130
1073	80	130
1074	80	130
1075	80	130
1076	79	130
1077	79	130
1078	79	130
1079	79	130
1080	79	130
1081	79	130
1082	79	130
1083	79	130
1084	79	130
1085	79	130
1086	79	130
1087	79	130
1088	79	130
1089	79	130
1090	79	130
1091	79	130
1092	79	130
1093	79	129
1094	79	130
1095	79	130
1096	79	130
1097	79	130
1098	79	130
1099	79	130
1100	79	129
1101	78	130
1102	79	129
1103	78	130
1104	78	130
1105	79	130
1106	80	130
1107	80	130
1108	79	130
1109	79	130
1110	79	130
1111	78	130
1112	79	129
1113	79	130
1114	79	130
1115	79	130
1116	79	130
1117	79	130
1118	79	130
1119	79	130
1120	79	130
1121	79	130
1122	79	130
1123	79	130
1124	79	130
1125	79	129
1126	79	130
1127	79	130
1128	79	130
1129	79	130
1130	79	130
1131	79	130
1132	78	130
1133	79	130
1134	79	130
1135	79	130
1136	79	130
1137	79	130
1138	79	130
1139	78	130
1140	79	130
1141	79	129
1142	79	130
1143	78	130
1144	79	130
1145	79	130
1146	79	129
1147	79	130
1148	79	129
1149	79	130
1150	79	130
1151	79	130
1152	79	129
1153	79	130
1154	79	130
1155	79	129
1156	79	130
1157	79	130
1158	79	130
1159	79	130
1160	79	129
1161	79	130
1162	79	130
1163	79	130
1164	79	130
1165	79	129
1166	79	130
1167	79	130
1168	79	130
1169	79	130
1170	79	129
1171	79	130
1172	79	129
1173	79	130
1174	79	130
1175	79	130
1176	79	130
1177	79	130
1178	79	130
1179	79	130
1180	79	130
1181	79	130
1182	79	130
1183	79	130
1184	79	130
1185	79	130
1186	79	129
1187	79	130
1188	79	130
1189	79	130
1190	79	130
1191	79	130
1192	79	130
1193	79	130
1194	79	130
1195	79	129
1196	79	130
1197	79	130
1198	79	130
1199	79	130
1200	79	130
1201	79	130
1202	79	130
1203	79	130
1204	79	130
1205	79	129
1206	79	130
1207	79	130
1208	79	130
1209	79	130
1210	78	130
1211	79	130
1212	80	130
1213	80	130
1214	79	130
1215	79	130
1216	78	130
1217	78	130
1218	79	130
1219	79	130
1220	79	130
1221	79	130
1222	79	129
1223	79	130
1224	79	130
1225	79	130
1226	79	130
1227	79	130
1228	79	129
1229	79	130
1230	79	129
1231	79	130
1232	79	130
1233	79	130
1234	79	130
1235	79	129
1236	79	130
1237	79	130
1238	79	129
1239	79	130
1240	78	130
1241	79	130
1242	79	129
1243	78	130
1244	78	130
1245	79	129
1246	79	129
1247	78	130
1248	79	130
1249	78	130
1250	79	130
1251	79	130
1252	79	130
1253	79	129
1254	79	129
1255	79	130
1256	79	130
1257	79	130
1258	79	130
1259	79	130
1260	79	130
1261	79	129
1262	79	130
1263	79	130
1264	79	130
1265	79	130
1266	79	129
1267	79	130
1268	79	130
1269	79	130
1270	79	130
1271	79	130
1272	79	130
1273	79	130
1274	79	130
1275	79	130
1276	79	130
1277	79	130
1278	79	130
1279	79	130
1280	79	129
1281	79	130
1282	79	130
1283	79	129
1284	79	130
1285	79	130
1286	79	130
1287	79	130
1288	79	130
1289	79	130
1290	79	130
1291	79	129
1292	79	130
1293	79	129
1294	79	130
1295	78	130
1296	78	130
1297	79	130
1298	79	130
1299	78	130
1300	78	130
1301	78	130
1302	78	130
1303	79	129
1304	79	130
1305	79	130
1306	80	130
1307	80	130
1308	80	129
1309	80	130
1310	80	130
1311	80	130
1312	80	130
1313	80	130
1314	80	130
1315	79	130
1316	80	130
1317	80	130
1318	81	129
1319	80	130
1320	80	130
1321	79	129
1322	79	130
1323	79	130
1324	79	130
1325	79	130
1326	79	130
1327	79	130
1328	79	130
1329	79	129
1330	79	130
1331	79	129
1332	79	129
1333	79	130
1334	78	130
1335	79	130
1336	79	129
1337	79	130
1338	79	130
1339	79	130
1340	79	130
1341	79	130
1342	78	130
1343	79	130
1344	79	129
1345	78	130
1346	79	129
1347	79	130
1348	79	130
1349	78	130
1350	78	129
1351	79	130
1352	78	130
1353	79	130
1354	79	130
1355	79	130
1356	79	130
1357	79	130
1358	79	130
1359	79	130
1360	79	130
1361	78	130
1362	79	130
1363	79	130
1364	79	130
1365	79	130
1366	79	130
1367	79	130
1368	79	130
1369	79	130
1370	79	130
1371	79	130
1372	79	129
1373	79	130
1374	79	130
1375	79	129
1376	79	129
1377	79	130
1378	79	130
1379	79	130
1380	79	130
1381	79	130
1382	79	130
1383	79	130
1384	79	130
1385	79	130
1386	79	129
1387	79	130
1388	79	130
1389	79	130
1390	79	130
1391	79	130
1392	79	130
1393	79	130
1394	79	130
1395	79	130
1396	79	130
1397	79	130
1398	79	130
1399	79	130
1400	79	130
1401	79	130
1402	79	130
1403	79	130
1404	79	129
1405	79	130
1406	79	130
1407	79	130
1408	79	130
1409	79	130
1410	79	130
1411	79	130
1412	79	129
1413	79	130
1414	79	129
1415	79	130
1416	79	130
1417	79	130
1418	79	130
1419	79	130
1420	79	130
1421	79	129
1422	79	130
1423	79	129
1424	79	130
1425	80	129
1426	78	129
1427	77	129
1428	78	129
1429	78	130
1430	79	130
1431	79	130
1432	79	129
1433	79	130
1434	79	129
1435	79	130
1436	78	130
1437	78	130
1438	79	129
1439	79	130
1440	79	130
1441	79	130
1442	79	130
1443	80	130
1444	82	129
1445	86	130
1446	106	130
1447	233	129
1448	255	130
1449	255	129
1450	255	130
1451	226	130
1452	214	129
1453	179	130
1454	138	129
1455	147	130
1456	118	130
1457	113	130
1458	114	129
1459	103	130
1460	100	130
1461	101	130
1462	97	129
1463	95	130
1464	94	130
1465	94	129
1466	93	130
1467	93	130
1468	93	129
1469	94	130
1470	96	130
1471	97	130
1472	98	130
1473	101	130
1474	105	130
1475	108	130
1476	113	130
1477	119	129
1478	127	130
1479	135	130
1480	145	130
1481	154	130
1482	165	130
1483	175	130
1484	183	130
1485	190	129
1486	193	130
1487	193	130
1488	189	130
1489	182	129
1490	175	130
1491	166	130
1492	157	130
1493	149	130
1494	142	130
1495	135	130
1496	130	130
1497	125	130
1498	121	130
1499	118	130
1500	115	129
1501	113	130
1502	111	130
1503	111	130
1504	110	130
1505	110	130
1506	110	130
1507	110	130
1508	111	130
1509	112	129
1510	114	130
1511	116	130
1512	119	129
1513	122	130
1514	125	130
1515	129	130
1516	133	130
1517	137	130
1518	143	130
1519	147	130
1520	151	130
1521	155	130
1522	158	129
1523	161	130
1524	162	130
1525	162	130
1526	162	130
1527	160	130
1528	158	130
1529	155	130
1530	151	130
1531	148	130
1532	143	129
1533	141	129
1534	136	129
1535	133	130
1536	131	130
1537	128	130
1538	126	130
1539	124	129
1540	121	129
1541	121	130
1542	119	129
1543	119	130
1544	119	130
1545	118	130
1546	118	129
1547	119	130
1548	119	130
1549	121	129
1550	122	130
1551	123	130
1552	125	130
1553	127	130
1554	129	129
1555	132	130
1556	135	130
1557	137	130
1558	140	130
1559	143	130
1560	145	130
1561	147	130
1562	148	130
1563	149	130
1564	151	130
1565	150	130
1566	149	129
1567	150	129
1568	147	130
1569	146	130
1570	144	130
1571	142	130
1572	140	130
1573	137	130
1574	135	130
1575	133	130
1576	132	130
1577	130	130
1578	129	130
1579	127	130
1580	126	130
1581	125	130
1582	125	130
1583	124	130
1584	124	130
1585	124	130
1586	124	129
1587	124	130
1588	125	130
1589	125	130
1590	126	130
1591	127	130
1592	128	130
1593	130	130
1594	132	130
1595	133	129
1596	135	130
1597	136	130
1598	138	129
1599	139	130
1600	141	129
1601	143	130
1602	143	130
1603	144	130
1604	145	130
1605	145	130
1606	145	130
1607	145	130
1608	144	130
1609	143	130
1610	142	130
1611	141	130
1612	139	130
1613	137	130
1614	136	130
1615	134	130
1616	132	130
1617	131	130
1618	130	130
1619	129	130
1620	127	130
1621	127	130
1622	127	130
1623	126	130
1624	126	130
1625	126	130
1626	126	130
1627	127	130
1628	127	130
1629	128	130
1630	129	130
1631	130	130
1632	132	130
1633	133	130
1634	135	130
1635	136	130
1636	137	130
1637	139	130
1638	141	130
1639	142	130
1640	143	129
1641	144	130
1642	145	130
1643	146	130
1644	146	130
1645	145	130
1646	145	130
1647	143	130
1648	142	129
1649	141	129
1650	139	130
1651	138	130
1652	137	130
1653	135	130
1654	133	130
1655	132	130
1656	130	130
1657	129	130
1658	129	130
1659	127	130
1660	127	130
1661	127	130
1662	127	130
1663	127	130
1664	127	130
1665	127	130
1666	128	130
1667	129	130
1668	130	130
1669	131	130
1670	133	130
1671	133	130
1672	135	129
1673	136	129
1674	137	130
1675	139	130
1676	139	130
1677	141	130
1678	142	130
1679	142	130
1680	143	130
1681	143	130
1682	143	130
1683	143	129
1684	143	130
1685	141	130
1686	140	130
1687	140	130
1688	139	130
1689	138	130
1690	137	130
1691	136	130
1692	136	130
1693	135	130
1694	135	130
1695	134	130
1696	134	130
1697	133	130
1698	133	130
1699	133	130
1700	133	130
1701	134	130
1702	134	130
1703	134	130
1704	135	130
1705	136	130
1706	137	129
1707	137	130
1708	138	130
1709	139	130
1710	140	130
1711	141	130
1712	141	130
1713	141	130
1714	142	130
1715	142	130
1716	142	130
1717	142	130
1718	142	130
1719	141	130
1720	141	130
1721	140	130
1722	140	130
1723	139	130
1724	138	130
1725	138	130
1726	137	130
1727	136	130
1728	136	130
1729	135	130
1730	135	130
1731	134	130
1732	134	130
1733	134	130
1734	134	130
1735	135	130
1736	135	130
1737	135	130
1738	135	129
1739	136	130
1740	137	130
1741	137	130
1742	138	130
1743	139	130
1744	139	130
1745	140	130
1746	141	130
1747	142	129
1748	142	130
1749	143	130
1750	143	130
1751	144	130
1752	142	130
1753	142	130
1754	142	130
1755	141	130
1756	141	129
1757	141	130
1758	140	130
1759	139	130
1760	139	130
1761	138	130
1762	137	130
1763	137	129
1764	136	130
1765	136	130
1766	136	130
1767	135	130
1768	135	130
1769	135	130
1770	135	130
1771	135	130
1772	135	130
1773	135	130
1774	136	130
1775	136	130
1776	136	129
1777	137	130
1778	137	129
1779	137	130
1780	138	130
1781	138	130
1782	138	130
1783	139	130
1784	139	130
1785	141	129
1786	140	130
1787	141	130
1788	142	130
1789	142	130
1790	143	130
1791	143	130
1792	143	129
1793	143	130
1794	144	130
1795	144	130
1796	144	130
1797	145	130
1798	145	130
1799	145	129
1800	145	130
1801	145	130
1802	145	130
1803	145	130
1804	145	129
1805	144	130
1806	144	130
1807	144	130
1808	144	130
1809	143	130
1810	143	130
1811	143	130
1812	142	130
1813	142	130
1814	141	130
1815	141	130
1816	141	130
1817	140	130
1818	140	130
1819	140	130
1820	139	130
1821	139	130
1822	138	130
1823	136	130
1824	131	130
1825	126	130
1826	123	130
1827	123	130
1828	122	129
1829	123	129
1830	124	130
1831	125	130
1832	127	130
1833	129	130
1834	131	130
1835	134	130
1836	137	130
1837	139	130
1838	142	130
1839	144	130
1840	146	130
1841	148	130
1842	148	130
1843	145	130
1844	141	130
1845	138	130
1846	137	130
1847	137	130
1848	138	130
1849	139	130
1850	139	130
1851	140	130
1852	141	130
1853	142	130
1854	142	130
1855	143	130
1856	144	130
1857	143	130
1858	143	130
1859	143	129
1860	142	130
1861	143	130
1862	143	130
1863	142	130
1864	143	130
1865	142	130
1866	141	130
1867	140	130
1868	139	130
1869	139	130
1870	139	130
1871	138	130
1872	138	130
1873	138	130
1874	138	130
1875	138	130
1876	139	130
1877	139	130
1878	140	129
1879	141	130
1880	142	130
1881	143	130
1882	145	130
1883	147	129
1884	148	129
1885	150	130
1886	151	130
1887	153	130
1888	154	130
1889	154	130
1890	155	130
1891	154	130
1892	154	130
1893	154	130
1894	152	130
1895	152	130
1896	151	130
1897	149	130
1898	148	130
1899	146	129
1900	145	129
1901	144	130
1902	143	130
1903	142	130
1904	141	130
1905	141	130
1906	140	130
1907	140	129
1908	139	130
1909	139	130
1910	139	130
1911	138	130
1912	138	130
1913	137	130
1914	137	130
1915	137	130
1916	137	130
1917	137	130
1918	137	129
1919	138	130
1920	138	130
1921	138	130
1922	139	130
1923	139	130
1924	140	130
1925	141	129
1926	141	130
1927	141	130
1928	142	130
1929	143	129
1930	143	130
1931	144	130
1932	144	130
1933	144	129
1934	144	130
1935	143	130
1936	143	130
1937	142	130
1938	141	130
1939	140	130
1940	139	130
1941	139	130
1942	137	130
1943	135	129
1944	134	130
1945	134	130
1946	134	130
1947	134	130
1948	135	130
1949	134	129
1950	134	130
1951	135	129
1952	135	130
1953	134	130
1954	133	130
1955	132	130
1956	132	130
1957	133	130
1958	133	130
1959	132	130
1960	131	130
1961	131	130
1962	131	129
1963	129	130
1964	130	130
1965	129	129
1966	130	130
1967	132	130
1968	132	130
1969	133	130
1970	133	130
1971	133	129
1972	134	130
1973	135	129
1974	136	130
1975	137	130
1976	138	130
1977	140	130
1978	141	130
1979	141	130
1980	141	129
1981	141	130
1982	139	129
1983	139	130
1984	138	130
1985	138	130
1986	137	130
1987	137	129
1988	137	130
1989	137	130
1990	137	130
1991	137	130
1992	138	130
1993	139	130
1994	139	130
1995	140	130
1996	140	130
1997	140	130
1998	142	130
1999	141	130
2000	142	129
2001	143	130
2002	144	130
2003	145	130
2004	144	130
2005	144	130
2006	143	130
2007	143	130
2008	142	130
2009	143	130
2010	143	130
2011	143	130
2012	144	130
2013	145	129
2014	146	129
2015	148	130
2016	149	130
2017	150	130
2018	151	129
2019	151	129
2020	153	130
2021	153	130
2022	152	129
2023	152	130
2024	151	129
2025	150	130
2026	150	130
2027	149	130
2028	148	130
2029	147	129
2030	146	129
2031	145	129
2032	144	130
2033	143	130
2034	143	130
2035	142	129
2036	142	130
2037	141	129
2038	141	129
2039	141	130
2040	141	129
2041	141	130
2042	142	130
2043	142	130
2044	142	130
2045	142	130
2046	142	129
2047	142	129
2048	142	130
2049	143	130
2050	142	129
2051	142	130
2052	142	130
2053	141	129
2054	141	130
2055	141	130
2056	140	130
2057	140	130
2058	139	130
2059	139	129
2060	138	130
2061	138	130
2062	137	129
2063	137	130
2064	137	130
2065	136	130
2066	136	129
2067	135	130
2068	135	130
2069	135	130
2070	135	130
2071	135	129
2072	134	130
2073	135	130
2074	135	130
2075	136	130
2076	136	130
2077	135	130
2078	135	130
2079	136	130
2080	136	130
2081	136	130
2082	135	130
2083	134	129
2084	132	130
2085	130	130
2086	129	130
2087	126	130
2088	123	130
2089	121	130
2090	118	130
2091	115	130
2092	111	129
2093	109	130
2094	106	130
2095	102	130
2096	99	130
2097	96	130
2098	94	130
2099	91	130
2100	89	130
2101	88	130
2102	87	130
2103	86	130
2104	85	130
2105	84	130
2106	84	130
2107	83	130
2108	83	130
2109	82	130
2110	82	130
2111	82	130
2112	81	130
2113	81	130
2114	81	130
2115	81	129
2116	81	129
2117	80	130
2118	81	130
2119	80	130
2120	80	130
2121	81	130
2122	80	130
2123	80	130
2124	80	130
2125	80	130
2126	80	130
2127	80	130
2128	79	130
2129	80	130
2130	79	130
2131	80	130
2132	80	130
2133	79	130
2134	79	130
2135	79	130
2136	80	129
2137	79	130
2138	79	129
2139	79	130
2140	79	130
2141	79	129
2142	79	130
2143	79	130
2144	79	130
2145	79	129
2146	79	130
2147	79	130
2148	79	130
2149	79	130
2150	79	130
2151	79	129
2152	79	130
2153	79	130
2154	79	130
2155	79	130
2156	79	130
2157	79	130
2158	79	130
2159	79	130
2160	79	130
2161	79	130
2162	79	130
2163	79	130
2164	79	130
2165	79	129
2166	79	129
2167	79	130
2168	79	130
2169	79	130
2170	79	130
2171	79	130
2172	79	130
2173	79	130
2174	79	130
2175	79	130
2176	79	130
2177	79	130
2178	79	130
2179	79	130
2180	79	130
2181	80	130
2182	80	130
2183	78	130
2184	78	129
2185	78	130
2186	78	130
2187	79	130
2188	79	130
2189	79	130
2190	79	130
2191	79	130
2192	79	130
2193	79	130
2194	79	130
2195	79	130
2196	79	130
2197	79	130
2198	79	130
2199	79	130
2200	79	130
2201	79	130
2202	79	130
2203	79	130
2204	79	129
2205	79	130
2206	79	130
2207	79	130
2208	79	130
2209	79	130
2210	78	130
2211	79	130
2212	79	130
2213	79	129
2214	78	129
2215	79	130
2216	79	130
2217	79	130
2218	79	130
2219	79	129
2220	79	130
2221	79	130
2222	79	130
2223	79	130
2224	79	130
2225	78	130
2226	79	130
2227	79	130
2228	79	130
2229	79	130
2230	79	130
2231	79	130
2232	79	130
2233	79	130
2234	79	130
2235	79	130
2236	79	129
2237	79	130
2238	79	130
2239	79	130
2240	79	130
2241	79	130
2242	79	130
2243	79	130
2244	79	130
2245	79	130
2246	79	130
2247	79	129
2248	79	129
2249	79	130
2250	79	130
2251	79	130
2252	79	130
2253	79	130
2254	79	130
2255	79	130
2256	79	130
2257	79	130
2258	79	130
2259	79	129
2260	79	130
2261	79	130
2262	79	130
2263	79	129
2264	79	130
2265	79	130
2266	79	130
2267	79	130
2268	79	130
2269	79	130
2270	79	130
2271	79	130
2272	79	130
2273	79	129
2274	79	130
2275	79	129
2276	79	130
2277	79	130
2278	79	130
2279	79	129
2280	79	129
2281	79	130
2282	79	130
2283	79	129
2284	79	129
2285	79	130
2286	79	130
2287	80	130
2288	79	130
2289	78	129
2290	78	130
2291	77	129
2292	78	130
2293	79	130
2294	79	130
2295	79	130
2296	79	130
2297	79	130
2298	79	130
2299	79	130
2300	79	130
2301	79	130
2302	79	130
2303	79	130
2304	79	130
2305	79	129
2306	79	130
2307	79	130
2308	79	130
2309	79	130
2310	79	130
2311	79	130
2312	79	129
2313	79	130
2314	79	130
2315	79	130
2316	79	130
2317	79	130
2318	79	130
2319	79	130
2320	79	130
2321	79	130
2322	78	130
2323	79	130
2324	79	130
2325	79	130
2326	79	130
2327	79	129
2328	79	130
2329	79	129
2330	78	130
2331	78	130
2332	79	130
2333	79	130
2334	79	129
2335	79	130
2336	79	129
2337	79	130
2338	79	130
2339	79	130
2340	79	130
2341	79	130
2342	79	129
2343	78	130
2344	79	130
2345	79	130
2346	79	130
2347	78	130
2348	78	129
2349	78	130
2350	78	130
2351	78	130
2352	78	130
2353	79	129
2354	79	130
2355	79	130
2356	79	130
2357	79	130
2358	80	130
2359	80	130
2360	80	130
2361	80	129
2362	80	129
2363	80	130
2364	80	130
2365	80	130
2366	80	130
2367	80	130
2368	80	129
2369	80	130
2370	79	130
2371	80	129
2372	80	130
2373	79	130
2374	79	130
2375	79	130
2376	79	130
2377	79	129
2378	79	129
2379	79	130
2380	79	130
2381	79	129
2382	79	129
2383	79	130
2384	79	130
2385	78	130
2386	78	130
2387	79	130
2388	79	129
2389	79	130
2390	79	129
2391	79	130
2392	79	130
2393	79	130
2394	77	130
2395	78	130
2396	77	130
2397	77	130
2398	79	130
2399	79	130
2400	79	130
2401	79	130
2402	79	130
2403	79	129
2404	78	130
2405	78	130
2406	79	130
2407	79	130
2408	79	130
2409	79	130
2410	79	130
2411	79	130
2412	79	130
2413	79	130
2414	79	130
2415	79	130
2416	79	129
2417	79	129
2418	79	130
2419	79	130
2420	79	129
2421	79	130
2422	79	130
2423	79	130
2424	79	130
2425	78	130
2426	79	130
2427	79	130
2428	79	130
2429	80	130
2430	79	130
2431	79	130
2432	79	130
2433	79	129
2434	79	130
2435	79	130
2436	78	129
2437	79	129
2438	79	130
2439	79	130
2440	79	130
2441	79	130
2442	79	130
2443	79	130
2444	79	129
2445	79	130
2446	79	130
2447	79	130
2448	79	130
2449	79	130
2450	79	130
2451	79	130
2452	79	130
2453	79	130
2454	79	130
2455	79	130
2456	79	130
2457	79	130
2458	79	129
2459	79	130
2460	79	130
2461	79	130
2462	79	130
2463	79	130
2464	79	130
2465	79	130
2466	79	130
2467	79	130
2468	79	130
2469	79	130
2470	79	130
2471	79	130
2472	79	130
2473	79	130
2474	79	130
2475	79	130
2476	79	130
2477	79	130
2478	79	130
2479	79	130
2480	79	130
2481	79	130
2482	79	130
2483	79	130
2484	79	130
2485	79	130
2486	79	130
2487	80	130
2488	81	130
2489	83	130
2490	90	130
2491	163	130
2492	255	130
2493	255	130
2494	211	130
2495	199	130
2496	195	129
2497	153	129
2498	172	130
2499	151	130
2500	150	130
2501	157	130
2502	146	130
2503	155	130
2504	154	130
2505	154	130
2506	160	130
2507	153	130
2508	155	130
2509	151	130
2510	148	130
2511	147	130
2512	142	129
2513	142	130
2514	140	129
2515	138	130
2516	138	130
2517	136	129
2518	136	130
2519	135	130
2520	133	130
2521	132	130
2522	132	130
2523	132	130
2524	132	130
2525	132	130
2526	133	130
2527	134	130
2528	135	130
2529	135	130
2530	135	130
2531	136	130
2532	136	130
2533	135	129
2534	135	130
2535	134	130
2536	132	130
2537	133	130
2538	132	130
2539	133	130
2540	132	129
2541	132	130
2542	133	130
2543	133	130
2544	134	130
2545	135	129
2546	136	130
2547	137	130
2548	139	129
2549	140	130
2550	140	130
2551	141	130
2552	140	130
2553	138	130
2554	137	130
2555	135	130
2556	135	130
2557	134	130
2558	134	130
2559	134	130
2560	135	130
2561	135	130
2562	137	130
2563	137	129
2564	138	130
2565	139	130
2566	141	130
2567	142	130
2568	142	130
2569	143	130
2570	143	130
2571	142	130
2572	142	130
2573	142	130
2574	142	130
2575	141	130
2576	141	129
2577	140	130
2578	139	129
2579	139	130
2580	139	130
2581	139	130
2582	139	130
2583	139	130
2584	140	129
2585	140	130
2586	140	130
2587	141	130
2588	142	130
2589	142	129
2590	143	130
2591	144	130
2592	144	130
2593	144	129
2594	144	129
2595	145	130
2596	145	130
2597	144	130
2598	145	130
2599	144	130
2600	144	130
2601	144	130
2602	144	130
2603	144	130
2604	143	130
2605	143	130
2606	142	130
2607	142	130
2608	141	130
2609	141	129
2610	140	130
2611	140	130
2612	140	130
2613	140	130
2614	139	130
2615	137	130
2616	137	130
2617	137	130
2618	137	130
2619	137	129
2620	137	130
2621	136	130
2622	137	129
2623	136	130
2624	137	130
2625	137	130
2626	137	130
2627	138	130
2628	138	130
2629	139	130
2630	139	130
2631	139	129
2632	140	130
2633	140	130
2634	140	129
2635	141	130
2636	141	129
2637	141	130
2638	141	129
2639	141	129
2640	141	129
2641	140	130
2642	141	129
2643	140	130
2644	139	130
2645	140	130
2646	139	129
2647	139	130
2648	138	130
2649	138	130
2650	138	130
2651	138	130
2652	137	130
2653	137	130
2654	137	129
2655	136	130
2656	136	130
2657	136	130
2658	135	130
2659	135	130
2660	135	130
2661	135	130
2662	135	129
2663	135	130
2664	135	130
2665	135	130
2666	135	130
2667	136	130
2668	136	130
2669	136	130
2670	137	130
2671	137	130
2672	137	129
2673	138	130
2674	138	130
2675	139	130
2676	139	130
2677	139	130
2678	139	130
2679	139	130
2680	139	130
2681	139	130
2682	139	130
2683	139	130
2684	139	130
2685	139	130
2686	139	130
2687	138	130
2688	138	130
2689	137	130
2690	137	130
2691	136	130
2692	136	130
2693	136	130
2694	136	130
2695	136	130
2696	135	130
2697	135	130
2698	135	130
2699	135	130
2700	136	130
2701	136	129
2702	137	130
2703	137	130
2704	137	130
2705	138	130
2706	138	130
2707	138	130
2708	139	130
2709	139	130
2710	139	130
2711	140	130
2712	139	129
2713	140	130
2714	139	130
2715	139	130
2716	139	130
2717	139	130
2718	139	130
2719	138	129
2720	137	130
2721	137	130
2722	135	130
2723	135	130
2724	136	130
2725	135	130
2726	135	130
2727	135	130
2728	135	130
2729	135	130
2730	135	130
2731	135	130
2732	135	130
2733	135	130
2734	136	130
2735	136	130
2736	137	130
2737	137	130
2738	138	130
2739	139	130
2740	139	130
2741	140	130
2742	141	130
2743	141	130
2744	141	130
2745	141	130
2746	141	130
2747	141	130
2748	141	129
2749	140	130
2750	139	129
2751	139	130
2752	139	130
2753	138	130
2754	137	130
2755	138	130
2756	137	130
2757	137	130
2758	137	130
2759	136	130
2760	136	130
2761	136	130
2762	135	130
2763	135	130
2764	136	130
2765	136	129
2766	136	130
2767	136	129
2768	136	130
2769	136	130
2770	136	129
2771	137	130
2772	137	130
2773	137	130
2774	138	130
2775	138	130
2776	138	130
2777	139	130
2778	139	129
2779	139	130
2780	140	130
2781	139	130
2782	140	130
2783	140	130
2784	140	130
2785	140	130
2786	140	130
2787	139	130
2788	139	129
2789	138	130
2790	138	130
2791	138	130
2792	137	130
2793	137	130
2794	136	130
2795	136	130
2796	135	129
2797	135	130
2798	134	130
2799	135	129
2800	134	130
2801	134	130
2802	134	130
2803	134	130
2804	134	130
2805	134	129
2806	134	130
2807	134	129
2808	135	130
2809	135	130
2810	135	130
2811	135	129
2812	135	130
2813	136	130
2814	136	130
2815	136	130
2816	136	130
2817	137	130
2818	137	130
2819	137	130
2820	138	130
2821	138	130
2822	139	130
2823	139	130
2824	140	130
2825	139	130
2826	141	130
2827	139	130
2828	139	130
2829	140	129
2830	140	130
2831	140	130
2832	140	130
2833	139	130
2834	139	129
2835	138	130
2836	138	130
2837	138	130
2838	137	130
2839	137	130
2840	137	130
2841	136	130
2842	136	130
2843	135	130
2844	135	130
2845	135	130
2846	135	130
2847	135	129
2848	135	130
2849	135	130
2850	135	130
2851	135	130
2852	135	129
2853	135	130
2854	136	130
2855	136	130
2856	136	129
2857	137	129
2858	137	130
2859	137	130
2860	138	129
2861	137	129
2862	138	130
2863	138	130
2864	137	130
2865	138	130
2866	138	130
2867	138	129
2868	137	130
2869	137	130
2870	137	130
2871	137	130
2872	137	130
2873	137	130
2874	137	130
2875	137	130
2876	136	130
2877	137	130
2878	137	130
2879	137	130
2880	137	130
2881	137	130
2882	137	130
2883	138	130
2884	137	130
2885	138	130
2886	138	130
2887	138	130
2888	138	130
2889	138	130
2890	139	130
2891	138	130
2892	138	130
2893	138	130
2894	138	129
2895	138	130
2896	138	130
2897	138	129
2898	138	130
2899	137	130
2900	137	130
2901	137	130
2902	137	130
2903	137	130
2904	136	130
2905	136	130
2906	136	130
2907	135	130
2908	135	130
2909	135	130
2910	135	130
2911	134	130
2912	134	130
2913	134	129
2914	133	129
2915	133	129
2916	133	130
2917	133	130
2918	133	130
2919	133	130
2920	133	129
2921	134	130
2922	134	130
2923	134	130
2924	135	130
2925	135	130
2926	135	130
2927	136	130
2928	137	130
2929	137	130
2930	137	130
2931	138	130
2932	138	130
2933	138	129
2934	138	130
2935	138	130
2936	138	130
2937	139	130
2938	138	130
2939	138	130
2940	137	130
2941	137	130
2942	137	130
2943	136	130
2944	136	130
2945	136	129
2946	135	130
2947	135	130
2948	135	130
2949	134	130
2950	133	129
2951	134	129
2952	133	130
2953	133	130
2954	133	130
2955	133	130
2956	133	130
2957	133	130
2958	133	129
2959	134	130
2960	134	130
2961	134	130
2962	135	130
2963	135	130
2964	135	130
2965	136	130
2966	136	130
2967	136	130
2968	137	129
2969	136	130
2970	136	130
2971	136	130
2972	136	130
2973	137	130
2974	136	130
2975	136	130
2976	136	130
2977	136	130
2978	136	130
2979	136	130
2980	136	130
2981	135	130
2982	135	130
2983	135	130
2984	135	130
2985	135	130
2986	135	130
2987	135	130
2988	135	130
2989	135	130
2990	135	129
2991	134	130
2992	135	130
2993	134	130
2994	135	130
2995	135	130
2996	135	130
2997	135	130
2998	135	130
2999	135	130
3000	135	129
3001	135	129
3002	136	130
3003	136	130
3004	136	129
3005	136	130
3006	137	129
3007	137	130
3008	137	130
3009	137	130
3010	137	130
3011	137	130
3012	136	130
3013	137	130
3014	136	130
3015	136	130
3016	136	130
3017	136	130
3018	135	130
3019	136	130
3020	135	130
3021	135	130
3022	135	130
3023	135	130
3024	135	130
3025	135	130
3026	135	130
3027	135	130
3028	135	130
3029	135	130
3030	135	130
3031	135	130
3032	135	130
3033	136	130
3034	136	130
3035	136	130
3036	136	129
3037	137	129
3038	136	130
3039	137	130
3040	137	129
3041	137	130
3042	137	129
3043	137	130
3044	138	130
3045	138	129
3046	137	130
3047	137	129
3048	136	130
3049	136	129
3050	137	130
3051	136	130
3052	136	130
3053	136	129
3054	136	130
3055	135	130
3056	135	130
3057	135	130
3058	135	130
3059	135	130
3060	135	130
3061	135	129
3062	134	129
3063	134	130
3064	134	130
3065	134	130
3066	134	130
3067	135	130
3068	135	130
3069	135	130
3070	135	130
3071	135	129
3072	135	130
3073	136	130
3074	136	130
3075	136	130
3076	137	130
3077	136	130
3078	137	129
3079	137	130
3080	137	129
3081	137	130
3082	137	130
3083	137	129
3084	138	130
3085	138	130
3086	137	129
3087	137	130
3088	137	129
3089	137	130
3090	137	130
3091	137	130
3092	136	130
3093	137	130
3094	136	130
3095	136	130
3096	136	129
3097	137	129
3098	137	130
3099	137	130
3100	137	130
3101	137	130
3102	137	130
3103	138	130
3104	138	130
3105	138	130
3106	138	130
3107	139	130
3108	139	130
3109	139	130
3110	139	130
3111	139	130
3112	139	130
3113	139	130
3114	140	130
3115	139	130
3116	140	130
3117	140	130
3118	141	130
3119	141	130
3120	141	129
3121	141	130
3122	141	130
3123	141	130
3124	142	130
3125	142	130
3126	141	130
3127	142	130
3128	141	130
3129	142	129
3130	142	130
3131	141	130
3132	141	130
3133	139	130
3134	137	130
3135	135	129
3136	133	129
3137	131	130
3138	127	129
3139	123	130
3140	120	130
3141	117	130
3142	113	130
3143	109	130
3144	106	130
3145	102	129
3146	99	130
3147	96	130
3148	95	129
3149	92	130
3150	89	130
3151	88	130
3152	87	130
3153	84	129
3154	83	129
3155	84	129
3156	83	130
3157	83	129
3158	83	130
3159	82	129
3160	82	130
3161	81	129
3162	81	129
3163	81	130
3164	81	130
3165	81	130
3166	81	129
3167	80	130
3168	80	129
3169	80	130
3170	80	130
3171	80	130
3172	80	130
3173	80	130
3174	80	129
3175	80	130
3176	80	130
3177	80	129
3178	79	129
3179	79	130
3180	79	130
3181	79	130
3182	79	130
3183	80	130
3184	79	130
3185	79	130
3186	80	130
3187	79	130
3188	79	130
3189	79	130
3190	79	130
3191	79	129
3192	79	130
3193	79	129
3194	79	130
3195	79	130
3196	79	130
3197	79	129
3198	79	129
3199	79	129
3200	79	130
3201	79	130
3202	79	130
3203	79	130
3204	79	130
3205	79	130
3206	79	130
3207	79	130
3208	79	129
3209	79	129
3210	79	130
3211	79	130
3212	79	130
3213	79	129
3214	79	130
3215	79	130
3216	79	129
3217	79	130
3218	79	130
3219	79	130
3220	79	130
3221	79	130
3222	79	130
3223	79	130
3224	79	130
3225	79	130
3226	79	130
3227	79	130
3228	79	130
3229	79	130
3230	79	130
3231	79	130
3232	79	130
3233	79	130
3234	79	130
3235	79	129
3236	79	130
3237	79	130
3238	79	130
3239	79	130
3240	79	130
3241	79	130
3242	79	129
3243	79	130
3244	79	130
3245	79	130
3246	79	130
3247	79	130
3248	79	130
3249	79	129
3250	79	130
3251	79	130
3252	79	130
3253	79	129
3254	79	130
3255	79	130
3256	78	129
3257	79	129
3258	79	130
3259	77	129
3260	78	130
3261	78	129
3262	79	130
3263	79	130
3264	79	129
3265	79	129
3266	79	130
3267	79	130
3268	79	130
3269	79	130
3270	79	130
3271	79	130
3272	79	129
3273	79	130
3274	79	129
3275	79	130
3276	79	130
3277	79	130
3278	79	130
3279	79	129
3280	79	130
3281	79	129
3282	79	130
3283	79	130
3284	79	130
3285	79	130
3286	79	130
3287	79	130
3288	79	130
3289	79	130
3290	79	130
3291	80	130
3292	78	130
3293	79	129
3294	79	130
3295	79	130
3296	79	130
3297	79	130
3298	79	130
3299	79	130
3300	78	130
3301	79	129
3302	79	130
3303	79	129
3304	79	129
3305	79	130
3306	79	130
3307	79	130
3308	79	130
3309	79	129
3310	79	130
3311	79	130
3312	79	130
3313	79	130
3314	79	130
3315	79	130
3316	79	129
3317	79	130
3318	79	130
3319	79	130
3320	79	130
3321	79	129
3322	79	130
3323	79	130
3324	79	130
3325	79	130
3326	79	129
3327	79	130
3328	79	130
3329	79	130
3330	79	130
3331	79	130
3332	79	130
3333	79	130
3334	79	130
3335	79	130
3336	79	130
3337	79	130
3338	79	130
3339	79	130
3340	79	130
3341	79	130
3342	79	130
3343	79	130
3344	79	129
3345	79	130
3346	79	130
3347	79	130
3348	79	130
3349	79	130
3350	79	130
3351	79	130
3352	79	130
3353	79	130
3354	79	129
3355	79	130
3356	79	130
3357	79	130
3358	79	130
3359	79	130
3360	79	130
3361	79	129
3362	79	129
3363	79	130
3364	78	129
3365	78	130
3366	78	130
3367	78	130
3368	79	130
3369	79	130
3370	80	129
3371	79	130
3372	79	130
3373	79	130
3374	78	130
3375	78	130
3376	79	130
3377	78	129
3378	79	130
3379	79	130
3380	79	130
3381	79	130
3382	79	130
3383	79	130
3384	79	130
3385	79	130
3386	79	130
3387	79	130
3388	79	129
3389	79	130
3390	79	130
3391	79	130
3392	79	129
3393	79	130
3394	79	130
3395	78	129
3396	79	130
3397	79	130
3398	78	130
3399	79	130
3400	78	130
3401	78	130
3402	78	130
3403	79	130
3404	79	130
3405	79	130
3406	79	130
3407	79	130
3408	80	130
3409	80	130
3410	80	130
3411	80	130
3412	80	130
3413	80	130
3414	80	130
3415	80	130
3416	80	129
3417	80	130
3418	80	130
3419	80	130
3420	80	130
3421	80	129
3422	80	130
3423	79	130
3424	79	129
3425	80	130
3426	79	130
3427	79	130
3428	79	130
3429	79	130
3430	79	130
3431	79	130
3432	79	130
3433	79	130
3434	79	130
3435	79	130
3436	79	130
3437	79	130
3438	79	130
3439	79	130
3440	79	130
3441	78	130
3442	79	130
3443	79	130
3444	79	130
3445	79	130
3446	78	130
3447	79	130
3448	79	130
3449	78	130
3450	79	130
3451	79	130
3452	79	130
3453	78	130
3454	79	130
3455	79	130
3456	79	130
3457	79	130
3458	79	130
3459	79	130
3460	79	130
3461	79	130
3462	79	130
3463	79	130
3464	79	130
3465	79	130
3466	79	130
3467	79	130
3468	79	130
3469	79	130
3470	79	130
3471	78	130
3472	79	130
3473	79	130
3474	80	130
3475	80	130
3476	80	130
3477	79	130
3478	79	130
3479	79	130
3480	79	130
3481	79	130
3482	79	130
3483	79	130
3484	79	130
3485	79	130
3486	79	129
3487	79	130
3488	79	130
3489	79	130
3490	79	130
3491	79	129
3492	79	129
3493	79	130
3494	79	130
3495	79	130
3496	79	130
3497	79	130
3498	79	130
3499	79	129
3500	79	130
3501	79	130
3502	79	130
3503	79	130
3504	79	129
3505	79	130
3506	79	130
3507	79	130
3508	79	130
3509	79	129
3510	78	130
3511	79	130
3512	79	130
3513	79	130
3514	79	130
3515	79	130
3516	79	130
3517	79	130
3518	79	130
3519	79	130
3520	79	130
3521	79	130
3522	79	130
3523	79	130
3524	79	129
3525	79	130
3526	79	130
3527	79	130
3528	79	130
3529	79	130
3530	79	130
3531	79	130
3532	79	130
3533	79	130
3534	79	130
3535	79	130
3536	79	130
3537	79	130
3538	79	130
3539	79	130
3540	79	130
3541	79	129
3542	79	130
3543	80	130
3544	81	130
3545	84	130
3546	91	129
3547	176	130
3548	255	130
3549	255	130
3550	255	130
3551	255	130
3552	193	130
3553	201	130
3554	146	130
3555	129	130
3556	131	130
3557	106	130
3558	105	130
3559	106	130
3560	98	129
3561	95	130
3562	95	130
3563	93	130
3564	91	130
3565	91	129
3566	91	130
3567	91	130
3568	92	130
3569	92	129
3570	94	130
3571	95	130
3572	98	129
3573	101	129
3574	105	130
3575	111	130
3576	117	130
3577	125	129
3578	135	130
3579	147	130
3580	159	129
3581	173	130
3582	184	130
3583	193	130
3584	195	130
3585	193	129
3586	188	130
3587	179	129
3588	172	130
3589	163	129
3590	155	130
3591	148	130
3592	142	130
3593	137	130
3594	133	129
3595	129	129
3596	127	129
3597	125	129
3598	124	130
3599	123	129
3600	123	130
3601	123	129
3602	123	129
3603	124	129
3604	125	130
3605	126	130
3606	127	130
3607	129	129
3608	130	130
3609	131	130
3610	133	130
3611	133	130
3612	135	130
3613	135	130
3614	135	130
3615	136	130
3616	137	129
3617	137	130
3618	136	130
3619	135	130
3620	133	130
3621	132	130
3622	132	130
3623	131	130
3624	131	130
3625	131	130
3626	131	130
3627	131	130
3628	131	130
3629	132	129
3630	132	130
3631	132	130
3632	133	130
3633	133	130
3634	133	130
3635	133	130
3636	134	130
3637	135	130
3638	135	130
3639	135	130
3640	135	130
3641	135	130
3642	135	130
3643	135	130
3644	134	130
3645	134	130
3646	134	130
3647	135	129
3648	136	130
3649	137	130
3650	139	130
3651	139	130
3652	140	129
3653	141	129
3654	141	130
3655	141	130
3656	141	130
3657	142	130
3658	142	130
3659	142	130
3660	143	130
3661	143	130
3662	143	129
3663	144	130
3664	144	129
3665	144	130
3666	145	130
3667	145	130
3668	147	130
3669	147	130
3670	148	130
3671	149	130
3672	149	130
3673	149	130
3674	149	130
3675	148	130
3676	148	130
3677	147	130
3678	147	130
3679	146	129
3680	145	129
3681	145	129
3682	144	130
3683	144	130
3684	143	130
3685	144	130
3686	143	130
3687	143	130
3688	144	130
3689	143	130
3690	143	129
3691	144	130
3692	143	130
3693	144	130
3694	145	129
3695	144	130
3696	145	130
3697	144	130
3698	144	130
3699	143	130
3700	142	130
3701	142	130
3702	141	130
3703	141	130
3704	140	129
3705	139	130
3706	139	130
3707	138	130
3708	138	130
3709	137	130
3710	136	130
3711	136	130
3712	135	130
3713	135	130
3714	134	130
3715	134	129
3716	134	130
3717	133	130
3718	134	130
3719	133	130
3720	133	130
3721	133	130
3722	133	130
3723	134	130
3724	134	130
3725	135	130
3726	135	130
3727	136	130
3728	137	130
3729	137	129
3730	138	130
3731	139	130
3732	140	130
3733	141	130
3734	141	130
3735	142	130
3736	143	130
3737	143	130
3738	143	130
3739	143	130
3740	142	130
3741	142	130
3742	141	130
3743	140	129
3744	140	130
3745	139	130
3746	138	130
3747	138	130
3748	137	130
3749	136	129
3750	135	130
3751	135	129
3752	134	130
3753	134	130
3754	133	130
3755	133	130
3756	133	130
3757	133	130
3758	133	130
3759	132	130
3760	133	130
3761	133	130
3762	133	130
3763	133	130
3764	133	130
3765	133	130
3766	133	129
3767	133	130
3768	133	130
3769	133	130
3770	133	130
3771	134	130
3772	135	130
3773	135	130
3774	136	129
3775	136	130
3776	136	129
3777	137	130
3778	137	130
3779	137	130
3780	137	129
3781	138	129
3782	137	130
3783	138	130
3784	138	130
3785	138	130
3786	137	130
3787	137	129
3788	137	129
3789	137	130
3790	136	129
3791	136	130
3792	135	130
3793	135	130
3794	135	130
3795	134	130
3796	136	130
3797	135	130
3798	135	130
3799	137	129
3800	137	130
3801	137	130
3802	137	129
3803	137	130
3804	138	130
3805	137	130
3806	138	130
3807	138	130
3808	138	130
3809	138	130
3810	138	130
3811	138	130
3812	138	129
3813	137	130
3814	137	130
3815	137	130
3816	136	130
3817	136	130
3818	136	130
3819	136	130
3820	137	130
3821	137	130
3822	137	130
3823	138	129
3824	138	130
3825	139	130
3826	140	130
3827	141	130
3828	141	130
3829	141	130
3830	143	130
3831	142	130
3832	143	130
3833	143	130
3834	142	130
3835	143	130
3836	142	130
3837	141	130
3838	141	129
3839	140	130
3840	140	130
3841	139	130
3842	139	130
3843	138	130
3844	138	130
3845	137	130
3846	137	130
3847	137	130
3848	137	130
3849	137	130
3850	137	130
3851	136	130
3852	137	130
3853	137	130
3854	137	130
3855	137	130
3856	137	130
3857	137	130
3858	137	130
3859	137	130
3860	137	130
3861	137	130
3862	137	130
3863	137	129
3864	137	130
3865	137	130
3866	137	130
3867	137	130
3868	138	129
3869	138	130
3870	138	129
3871	138	130
3872	138	130
3873	138	130
3874	138	129
3875	138	130
3876	138	129
3877	138	130
3878	138	130
3879	139	130
3880	138	130
3881	138	130
3882	139	130
3883	139	129
3884	138	130
3885	139	130
3886	139	130
3887	139	130
3888	139	130
3889	139	130
3890	139	130
3891	139	130
3892	139	130
3893	139	130
3894	138	130
3895	138	130
3896	138	130
3897	138	129
3898	138	130
3899	137	130
3900	137	129
3901	137	129
3902	136	130
3903	136	130
3904	135	129
3905	136	130
3906	136	130
3907	137	130
3908	136	130
3909	136	130
3910	135	129
3911	135	130
3912	136	130
3913	136	130
3914	137	130
3915	138	129
3916	138	130
3917	139	130
3918	139	130
3919	139	129
3920	140	130
3921	140	130
3922	140	130
3923	141	130
3924	140	130
3925	140	130
3926	140	129
3927	140	130
3928	140	130
3929	139	130
3930	139	129
3931	138	130
3932	138	130
3933	137	130
3934	137	130
3935	137	130
3936	136	129
3937	136	130
3938	136	130
3939	135	129
3940	135	130
3941	135	130
3942	135	130
3943	135	129
3944	135	130
3945	135	130
3946	136	130
3947	136	130
3948	136	130
3949	137	130
3950	137	130
3951	137	129
3952	138	130
3953	138	130
3954	139	130
3955	139	130
3956	140	130
3957	141	129
3958	141	130
3959	141	130
3960	141	130
3961	141	130
3962	141	129
3963	141	130
3964	141	130
3965	141	130
3966	141	130
3967	140	130
3968	140	130
3969	140	130
3970	139	130
3971	138	130
3972	138	130
3973	137	130
3974	137	130
3975	137	130
3976	137	130
3977	136	130
3978	136	130
3979	135	130
3980	136	130
3981	136	130
3982	136	130
3983	136	130
3984	136	130
3985	136	130
3986	136	130
3987	136	130
3988	137	130
3989	137	130
3990	137	130
3991	138	130
3992	138	130
3993	138	130
3994	139	130
3995	139	130
3996	139	129
3997	139	129
3998	139	130
3999	139	130
4000	139	130
4001	139	130
4002	139	130
4003	139	130
4004	139	130
4005	139	129
4006	138	130
4007	138	130
4008	137	130
4009	138	130
4010	137	130
4011	137	130
4012	137	130
4013	136	130
4014	137	130
4015	136	130
4016	135	130
4017	135	130
4018	134	130
4019	135	130
4020	135	130
4021	135	130
4022	135	130
4023	136	130
4024	135	130
4025	136	130
4026	136	130
4027	136	130
4028	137	130
4029	137	130
4030	137	130
4031	137	130
4032	138	130
4033	138	130
4034	138	130
4035	138	130
4036	138	130
4037	138	130
4038	138	130
4039	138	130
4040	138	130
4041	138	130
4042	137	130
4043	137	130
4044	137	129
4045	136	130
4046	137	130
4047	135	130
4048	136	130
4049	135	130
4050	135	130
4051	135	130
4052	135	130
4053	135	130
4054	135	130
4055	135	130
4056	135	130
4057	135	130
4058	135	129
4059	136	130
4060	136	130
4061	136	130
4062	136	130
4063	136	130
4064	137	130
4065	137	130
4066	137	130
4067	137	130
4068	137	130
4069	138	130
4070	137	130
4071	138	129
4072	138	130
4073	137	130
4074	137	130
4075	137	130
4076	137	130
4077	137	130
4078	137	130
4079	137	130
4080	136	130
4081	136	130
4082	136	130
4083	135	130
4084	135	130
4085	135	130
4086	134	130
4087	134	130
4088	134	130
4089	134	130
4090	134	130
4091	133	130
4092	134	130
4093	133	130
4094	133	130
4095	134	130
