
TIME STEP:
125 = 50us

VOLTAGE STEP:
CH1:  32 = 0.15V
CH2:  32 = 5V
GND	75	128
N	CH1	CH2

0	79	130
1	79	129
2	79	130
3	79	129
4	79	129
5	79	130
6	79	130
7	79	130
8	79	130
9	79	130
10	79	130
11	79	129
12	79	130
13	79	130
14	79	129
15	79	130
16	79	130
17	79	130
18	79	130
19	79	130
20	79	129
21	79	130
22	79	130
23	79	130
24	79	130
25	79	129
26	79	130
27	79	130
28	79	130
29	79	129
30	79	130
31	79	129
32	79	130
33	79	130
34	79	130
35	79	129
36	79	130
37	79	129
38	79	130
39	79	129
40	79	130
41	79	130
42	79	129
43	79	130
44	79	130
45	79	130
46	79	130
47	79	130
48	79	130
49	79	130
50	79	130
51	79	129
52	79	130
53	78	130
54	79	129
55	78	130
56	79	130
57	79	130
58	79	130
59	79	129
60	79	130
61	79	130
62	79	130
63	79	130
64	79	130
65	79	130
66	79	130
67	79	130
68	79	129
69	79	130
70	79	129
71	79	130
72	79	130
73	79	130
74	79	129
75	79	130
76	79	130
77	79	130
78	79	130
79	79	130
80	79	130
81	79	129
82	79	130
83	79	130
84	79	130
85	79	130
86	79	130
87	79	130
88	79	130
89	79	130
90	79	130
91	79	130
92	78	130
93	79	130
94	79	129
95	79	130
96	79	129
97	79	130
98	79	130
99	79	130
100	79	130
101	79	130
102	79	130
103	79	130
104	79	129
105	79	129
106	79	130
107	79	130
108	79	130
109	79	130
110	79	130
111	79	130
112	79	129
113	79	129
114	79	130
115	79	129
116	79	130
117	79	129
118	79	130
119	79	129
120	79	130
121	79	130
122	79	129
123	79	129
124	79	130
125	79	130
126	79	129
127	79	129
128	79	130
129	79	130
130	79	129
131	79	130
132	79	129
133	79	130
134	79	130
135	79	130
136	79	129
137	79	129
138	79	129
139	79	129
140	79	130
141	79	129
142	79	129
143	79	129
144	79	130
145	79	130
146	79	130
147	79	130
148	79	129
149	79	130
150	79	129
151	79	130
152	79	129
153	79	129
154	79	129
155	79	130
156	79	130
157	79	129
158	79	130
159	79	129
160	79	130
161	78	130
162	79	130
163	77	129
164	79	130
165	79	130
166	79	130
167	79	130
168	79	130
169	78	129
170	79	130
171	79	129
172	79	130
173	79	129
174	79	129
175	79	129
176	78	129
177	79	130
178	79	129
179	79	130
180	79	129
181	79	130
182	79	130
183	78	129
184	79	129
185	78	129
186	79	130
187	79	129
188	79	129
189	79	130
190	78	130
191	79	130
192	79	130
193	79	130
194	79	129
195	79	130
196	79	130
197	79	129
198	79	129
199	79	129
200	78	130
201	79	130
202	79	130
203	79	129
204	79	130
205	79	129
206	79	129
207	79	130
208	79	129
209	79	129
210	79	129
211	79	129
212	78	130
213	79	130
214	79	130
215	79	129
216	79	130
217	79	129
218	79	130
219	78	129
220	79	130
221	78	129
222	78	130
223	78	130
224	78	130
225	78	129
226	78	130
227	79	130
228	78	130
229	79	130
230	79	129
231	79	129
232	79	130
233	79	130
234	80	130
235	80	129
236	80	130
237	80	129
238	79	129
239	80	130
240	79	129
241	79	129
242	79	130
243	80	129
244	80	130
245	79	130
246	79	130
247	79	130
248	80	130
249	79	130
250	79	130
251	79	130
252	79	130
253	79	130
254	79	130
255	79	130
256	79	130
257	79	130
258	79	130
259	78	130
260	78	130
261	79	130
262	79	130
263	78	130
264	78	130
265	79	130
266	78	130
267	79	130
268	79	130
269	78	130
270	79	130
271	77	129
272	79	130
273	78	130
274	79	129
275	79	130
276	78	129
277	78	129
278	79	130
279	79	129
280	78	130
281	79	130
282	79	130
283	78	130
284	79	130
285	79	130
286	79	130
287	79	129
288	79	130
289	79	130
290	79	130
291	79	130
292	79	130
293	79	130
294	79	130
295	79	129
296	79	129
297	79	129
298	79	129
299	79	130
300	79	129
301	79	130
302	79	129
303	79	130
304	79	129
305	79	130
306	79	130
307	79	130
308	79	129
309	79	130
310	79	130
311	79	129
312	79	130
313	79	129
314	79	130
315	78	130
316	79	129
317	79	130
318	79	129
319	78	130
320	79	129
321	79	130
322	79	129
323	79	130
324	79	130
325	79	130
326	79	130
327	79	130
328	79	129
329	79	130
330	79	130
331	79	129
332	79	129
333	79	130
334	79	129
335	79	130
336	79	130
337	79	130
338	79	130
339	79	129
340	79	129
341	79	130
342	79	129
343	79	130
344	79	130
345	79	130
346	79	130
347	79	130
348	79	130
349	79	129
350	79	129
351	79	130
352	79	130
353	79	130
354	79	130
355	79	130
356	79	130
357	79	130
358	79	130
359	79	130
360	79	129
361	79	130
362	79	130
363	79	130
364	79	130
365	79	130
366	79	130
367	79	130
368	79	130
369	79	129
370	79	130
371	78	130
372	79	130
373	79	129
374	79	130
375	79	130
376	79	130
377	78	130
378	79	129
379	77	130
380	79	130
381	79	130
382	79	129
383	79	130
384	79	130
385	79	130
386	79	130
387	79	130
388	78	130
389	79	129
390	79	130
391	79	130
392	79	130
393	79	130
394	79	130
395	79	130
396	80	130
397	81	130
398	83	130
399	90	129
400	167	130
401	255	129
402	255	130
403	255	130
404	255	130
405	243	130
406	225	130
407	157	130
408	153	129
409	130	129
410	109	130
411	111	130
412	102	129
413	94	130
414	93	130
415	91	129
416	88	129
417	87	130
418	85	129
419	85	130
420	85	129
421	84	129
422	84	130
423	83	129
424	83	130
425	83	129
426	83	130
427	83	129
428	82	130
429	82	130
430	82	130
431	82	130
432	82	130
433	83	129
434	83	130
435	83	130
436	84	129
437	85	130
438	87	130
439	93	130
440	107	129
441	111	129
442	115	130
443	132	130
444	142	130
445	157	129
446	176	129
447	190	130
448	207	130
449	217	129
450	223	130
451	222	130
452	214	129
453	204	130
454	190	130
455	176	130
456	162	129
457	149	129
458	138	130
459	129	130
460	121	129
461	115	130
462	110	130
463	106	130
464	102	130
465	99	130
466	97	129
467	95	129
468	94	130
469	93	129
470	92	130
471	91	129
472	91	130
473	91	130
474	91	130
475	90	129
476	91	130
477	91	130
478	92	130
479	93	129
480	95	129
481	96	130
482	99	130
483	101	129
484	105	129
485	108	130
486	113	130
487	118	130
488	124	130
489	131	129
490	139	130
491	146	130
492	153	130
493	160	130
494	167	129
495	171	130
496	173	130
497	174	130
498	172	130
499	168	129
500	163	130
501	157	129
502	150	130
503	143	130
504	137	130
505	131	130
506	125	130
507	121	130
508	117	130
509	114	130
510	111	129
511	109	130
512	107	130
513	105	130
514	104	130
515	103	129
516	103	129
517	102	130
518	102	129
519	103	130
520	103	129
521	104	130
522	106	130
523	107	130
524	109	130
525	112	130
526	115	130
527	119	130
528	123	130
529	129	130
530	134	130
531	139	130
532	145	130
533	151	130
534	156	130
535	160	130
536	164	130
537	165	129
538	166	129
539	164	130
540	161	130
541	157	130
542	152	129
543	147	130
544	142	130
545	137	130
546	132	129
547	128	130
548	125	129
549	122	130
550	119	130
551	116	130
552	115	129
553	113	129
554	112	130
555	111	130
556	110	130
557	110	130
558	110	129
559	110	130
560	110	130
561	111	130
562	112	130
563	113	130
564	115	129
565	117	130
566	119	130
567	121	130
568	123	130
569	126	129
570	128	129
571	131	130
572	133	129
573	135	129
574	137	130
575	139	130
576	139	130
577	140	130
578	140	130
579	139	130
580	139	130
581	138	129
582	137	130
583	135	130
584	134	130
585	132	130
586	130	130
587	128	130
588	126	130
589	125	130
590	123	130
591	122	130
592	121	130
593	119	130
594	119	129
595	118	129
596	118	130
597	118	130
598	117	130
599	118	130
600	117	130
601	118	130
602	119	130
603	119	130
604	119	129
605	120	130
606	121	130
607	121	130
608	123	130
609	124	130
610	125	130
611	126	130
612	127	130
613	127	130
614	128	130
615	128	130
616	128	130
617	127	130
618	127	130
619	127	130
620	126	130
621	125	130
622	125	130
623	125	129
624	124	129
625	123	130
626	123	129
627	122	130
628	121	130
629	121	130
630	121	130
631	121	129
632	121	129
633	121	130
634	121	130
635	121	129
636	121	130
637	121	130
638	120	129
639	120	130
640	120	130
641	121	129
642	121	129
643	121	130
644	121	130
645	121	130
646	121	130
647	121	130
648	121	130
649	121	130
650	121	130
651	120	129
652	120	129
653	119	130
654	119	130
655	119	130
656	119	130
657	118	129
658	118	129
659	118	130
660	118	130
661	119	130
662	119	130
663	119	130
664	121	130
665	122	130
666	123	129
667	124	130
668	125	130
669	126	130
670	127	130
671	128	130
672	128	129
673	128	130
674	129	129
675	129	130
676	128	130
677	128	130
678	127	129
679	127	130
680	127	130
681	127	129
682	126	130
683	126	130
684	125	130
685	125	130
686	124	129
687	124	130
688	124	130
689	124	130
690	124	129
691	125	130
692	125	130
693	126	130
694	126	129
695	126	129
696	127	129
697	127	130
698	128	129
699	129	129
700	129	129
701	129	130
702	130	129
703	130	129
704	131	130
705	131	130
706	132	130
707	133	129
708	133	130
709	133	129
710	134	129
711	134	129
712	134	130
713	134	129
714	134	130
715	134	129
716	133	130
717	133	130
718	133	129
719	132	130
720	131	130
721	131	130
722	130	130
723	130	129
724	129	130
725	128	130
726	128	130
727	127	129
728	127	129
729	126	130
730	125	129
731	125	130
732	125	130
733	125	130
734	125	130
735	125	129
736	125	130
737	125	130
738	125	130
739	125	130
740	125	130
741	125	129
742	126	130
743	125	130
744	126	130
745	126	130
746	127	130
747	127	129
748	127	129
749	127	130
750	127	130
751	127	130
752	127	130
753	127	130
754	127	130
755	127	129
756	126	130
757	126	129
758	125	130
759	125	130
760	125	129
761	125	129
762	124	130
763	124	129
764	124	130
765	123	129
766	123	130
767	123	129
768	123	130
769	123	130
770	123	130
771	123	130
772	123	129
773	124	130
774	124	130
775	124	130
776	125	130
777	125	130
778	125	130
779	125	130
780	126	130
781	126	130
782	126	129
783	127	130
784	127	130
785	127	129
786	127	130
787	127	130
788	127	130
789	127	129
790	126	130
791	127	129
792	126	130
793	126	129
794	126	130
795	125	130
796	125	129
797	125	130
798	125	129
799	124	130
800	125	130
801	124	130
802	124	130
803	125	130
804	124	130
805	124	129
806	124	130
807	124	129
808	124	130
809	123	130
810	124	129
811	123	130
812	124	130
813	124	130
814	124	130
815	124	129
816	123	130
817	124	129
818	124	130
819	124	130
820	124	130
821	124	130
822	124	130
823	124	130
824	124	130
825	124	129
826	124	130
827	124	130
828	124	130
829	124	130
830	124	130
831	124	130
832	124	130
833	124	130
834	124	129
835	124	130
836	124	130
837	124	130
838	124	130
839	124	130
840	124	130
841	124	130
842	125	129
843	125	130
844	125	130
845	125	130
846	125	130
847	125	130
848	125	130
849	125	130
850	125	130
851	125	130
852	125	130
853	125	130
854	125	129
855	125	130
856	125	130
857	125	130
858	125	129
859	124	130
860	124	130
861	124	130
862	124	129
863	124	130
864	123	130
865	123	130
866	123	130
867	123	130
868	123	130
869	122	130
870	123	130
871	122	130
872	123	130
873	123	130
874	123	130
875	124	130
876	124	130
877	124	129
878	124	130
879	125	130
880	125	130
881	125	130
882	126	130
883	126	130
884	127	129
885	127	129
886	127	130
887	128	130
888	128	129
889	128	130
890	128	129
891	128	130
892	128	129
893	127	130
894	127	129
895	127	129
896	126	130
897	126	130
898	125	130
899	125	130
900	124	130
901	124	130
902	123	130
903	123	130
904	123	130
905	122	130
906	122	130
907	122	130
908	121	130
909	121	130
910	121	130
911	121	129
912	121	130
913	121	129
914	121	129
915	121	130
916	122	130
917	122	129
918	123	130
919	122	129
920	123	130
921	124	129
922	124	130
923	125	130
924	125	129
925	126	129
926	127	130
927	127	129
928	128	130
929	128	129
930	128	129
931	129	130
932	129	129
933	128	129
934	129	129
935	128	130
936	128	130
937	128	130
938	127	130
939	127	129
940	126	130
941	125	129
942	125	130
943	125	130
944	124	130
945	124	129
946	123	129
947	123	130
948	123	130
949	122	129
950	122	130
951	122	130
952	121	130
953	122	129
954	121	130
955	121	130
956	122	130
957	122	130
958	122	130
959	123	130
960	123	130
961	123	130
962	124	129
963	124	129
964	125	129
965	125	129
966	125	130
967	125	130
968	125	130
969	125	130
970	125	130
971	126	130
972	126	130
973	126	129
974	126	130
975	126	130
976	126	129
977	126	129
978	126	130
979	126	129
980	126	130
981	126	129
982	126	130
983	126	130
984	126	129
985	126	130
986	126	130
987	125	130
988	125	129
989	125	130
990	125	130
991	125	130
992	125	130
993	124	129
994	124	130
995	124	130
996	124	130
997	123	130
998	123	130
999	124	130
1000	123	129
1001	123	129
1002	123	130
1003	123	130
1004	123	129
1005	124	130
1006	123	130
1007	124	129
1008	124	129
1009	124	130
1010	124	130
1011	124	129
1012	125	130
1013	125	130
1014	124	129
1015	125	129
1016	125	129
1017	125	130
1018	125	130
1019	125	130
1020	125	130
1021	125	129
1022	126	130
1023	126	130
1024	126	130
1025	126	130
1026	126	129
1027	127	130
1028	127	130
1029	127	129
1030	128	130
1031	126	130
1032	125	130
1033	124	129
1034	122	130
1035	121	130
1036	118	129
1037	115	130
1038	114	130
1039	111	130
1040	108	130
1041	105	130
1042	102	129
1043	99	130
1044	97	129
1045	94	129
1046	92	129
1047	90	130
1048	88	130
1049	87	130
1050	85	130
1051	85	130
1052	84	129
1053	83	130
1054	83	130
1055	82	130
1056	82	130
1057	82	129
1058	82	130
1059	81	130
1060	81	130
1061	81	130
1062	81	130
1063	81	130
1064	80	129
1065	81	130
1066	80	130
1067	80	130
1068	80	130
1069	80	130
1070	80	130
1071	80	130
1072	80	130
1073	80	130
1074	79	130
1075	80	130
1076	80	130
1077	79	129
1078	79	130
1079	79	130
1080	79	130
1081	79	130
1082	79	130
1083	79	129
1084	79	129
1085	79	130
1086	79	129
1087	79	129
1088	79	130
1089	79	130
1090	79	130
1091	79	130
1092	79	130
1093	79	130
1094	79	130
1095	79	130
1096	79	129
1097	79	130
1098	79	130
1099	79	130
1100	79	130
1101	79	129
1102	79	130
1103	79	130
1104	79	130
1105	79	130
1106	79	130
1107	79	130
1108	79	130
1109	79	130
1110	79	130
1111	79	130
1112	79	130
1113	79	130
1114	79	129
1115	79	130
1116	79	129
1117	79	130
1118	79	129
1119	79	130
1120	79	130
1121	79	130
1122	79	129
1123	79	130
1124	79	130
1125	79	130
1126	79	129
1127	79	129
1128	79	130
1129	79	130
1130	79	130
1131	79	130
1132	79	129
1133	78	129
1134	79	129
1135	77	129
1136	79	129
1137	79	130
1138	79	130
1139	79	130
1140	79	130
1141	79	130
1142	79	130
1143	79	129
1144	79	130
1145	79	130
1146	79	130
1147	79	130
1148	79	130
1149	79	129
1150	79	130
1151	79	130
1152	79	130
1153	79	130
1154	79	130
1155	79	130
1156	78	129
1157	79	130
1158	79	130
1159	79	130
1160	79	130
1161	79	130
1162	79	130
1163	79	130
1164	79	130
1165	79	130
1166	79	129
1167	79	130
1168	78	130
1169	79	130
1170	79	130
1171	79	130
1172	79	130
1173	79	130
1174	79	129
1175	79	130
1176	79	130
1177	79	129
1178	79	130
1179	79	130
1180	79	130
1181	79	130
1182	79	130
1183	79	130
1184	79	129
1185	79	130
1186	79	129
1187	79	130
1188	79	130
1189	78	130
1190	79	130
1191	79	130
1192	79	130
1193	79	130
1194	79	130
1195	79	129
1196	79	129
1197	79	130
1198	79	129
1199	79	130
1200	79	130
1201	79	130
1202	79	130
1203	79	130
1204	79	129
1205	79	130
1206	79	130
1207	79	130
1208	79	130
1209	79	129
1210	79	130
1211	79	129
1212	79	130
1213	79	130
1214	79	130
1215	79	130
1216	79	130
1217	79	130
1218	79	130
1219	79	130
1220	79	130
1221	79	130
1222	79	130
1223	79	130
1224	79	130
1225	79	130
1226	79	129
1227	79	130
1228	79	130
1229	79	130
1230	79	129
1231	79	129
1232	79	129
1233	79	130
1234	79	130
1235	79	130
1236	78	130
1237	79	130
1238	79	130
1239	79	129
1240	79	130
1241	78	129
1242	79	130
1243	78	130
1244	79	130
1245	79	130
1246	79	130
1247	79	129
1248	78	130
1249	79	130
1250	79	130
1251	79	130
1252	79	130
1253	78	130
1254	79	130
1255	79	130
1256	79	130
1257	79	130
1258	79	130
1259	79	130
1260	79	130
1261	79	130
1262	79	130
1263	79	129
1264	79	129
1265	79	130
1266	79	130
1267	79	130
1268	79	130
1269	79	130
1270	79	130
1271	79	130
1272	78	130
1273	79	130
1274	79	130
1275	79	129
1276	79	129
1277	79	130
1278	79	129
1279	79	130
1280	78	129
1281	79	130
1282	78	129
1283	79	130
1284	79	130
1285	79	130
1286	79	129
1287	79	129
1288	78	130
1289	79	130
1290	79	130
1291	79	129
1292	79	129
1293	79	129
1294	79	129
1295	79	129
1296	78	130
1297	78	130
1298	78	130
1299	78	129
1300	78	130
1301	78	130
1302	78	130
1303	79	130
1304	79	130
1305	79	129
1306	79	129
1307	79	129
1308	80	129
1309	79	130
1310	80	130
1311	79	130
1312	80	130
1313	79	129
1314	80	129
1315	79	129
1316	79	129
1317	79	129
1318	79	130
1319	80	129
1320	79	129
1321	79	130
1322	79	129
1323	79	129
1324	79	130
1325	79	129
1326	79	130
1327	79	130
1328	79	130
1329	79	130
1330	79	130
1331	79	130
1332	79	130
1333	79	129
1334	79	129
1335	79	130
1336	79	130
1337	79	129
1338	79	129
1339	79	130
1340	78	129
1341	78	130
1342	79	129
1343	78	129
1344	78	130
1345	78	130
1346	78	130
1347	79	130
1348	79	129
1349	78	130
1350	79	129
1351	77	130
1352	79	130
1353	78	130
1354	79	129
1355	79	129
1356	78	130
1357	79	129
1358	79	130
1359	79	130
1360	79	130
1361	79	130
1362	79	130
1363	79	130
1364	79	129
1365	79	130
1366	79	129
1367	79	130
1368	79	129
1369	79	130
1370	79	129
1371	79	130
1372	79	130
1373	79	129
1374	79	129
1375	79	129
1376	79	130
1377	79	130
1378	79	129
1379	79	130
1380	79	129
1381	79	129
1382	79	129
1383	79	130
1384	78	129
1385	79	129
1386	79	129
1387	79	130
1388	79	130
1389	79	130
1390	78	130
1391	79	130
1392	79	129
1393	79	130
1394	79	129
1395	79	130
1396	79	129
1397	79	130
1398	79	129
1399	79	130
1400	79	130
1401	79	129
1402	79	129
1403	79	130
1404	79	130
1405	79	129
1406	79	130
1407	79	129
1408	79	129
1409	79	130
1410	79	130
1411	78	129
1412	79	130
1413	79	129
1414	79	130
1415	79	130
1416	79	130
1417	79	130
1418	79	130
1419	79	130
1420	79	130
1421	79	129
1422	79	129
1423	79	129
1424	79	130
1425	79	129
1426	79	130
1427	79	129
1428	79	130
1429	79	130
1430	79	130
1431	79	129
1432	79	130
1433	79	130
1434	79	130
1435	79	130
1436	79	130
1437	79	129
1438	79	130
1439	79	129
1440	79	130
1441	79	130
1442	79	130
1443	79	130
1444	79	130
1445	79	130
1446	79	130
1447	79	130
1448	79	130
1449	79	130
1450	79	130
1451	79	129
1452	79	130
1453	78	130
1454	79	130
1455	79	129
1456	79	130
1457	79	130
1458	78	130
1459	78	130
1460	79	130
1461	78	129
1462	79	130
1463	79	130
1464	79	130
1465	79	130
1466	79	130
1467	79	130
1468	79	129
1469	79	130
1470	79	130
1471	79	130
1472	80	130
1473	82	130
1474	85	130
1475	99	130
1476	214	129
1477	255	129
1478	255	129
1479	255	130
1480	214	130
1481	212	130
1482	170	129
1483	136	129
1484	143	130
1485	115	130
1486	111	129
1487	112	130
1488	101	130
1489	98	129
1490	98	130
1491	95	129
1492	92	130
1493	92	129
1494	91	129
1495	90	130
1496	90	130
1497	90	130
1498	89	130
1499	90	130
1500	89	129
1501	90	129
1502	91	130
1503	92	130
1504	94	130
1505	96	130
1506	98	130
1507	100	130
1508	104	130
1509	108	130
1510	113	130
1511	119	130
1512	125	130
1513	132	130
1514	141	130
1515	149	130
1516	157	130
1517	165	130
1518	171	130
1519	175	130
1520	178	130
1521	177	130
1522	175	130
1523	171	129
1524	165	130
1525	159	130
1526	152	130
1527	146	130
1528	139	130
1529	133	130
1530	128	130
1531	123	130
1532	119	129
1533	115	130
1534	112	130
1535	109	129
1536	107	130
1537	105	130
1538	103	130
1539	102	130
1540	101	130
1541	101	130
1542	100	129
1543	100	130
1544	100	130
1545	100	130
1546	101	130
1547	101	130
1548	102	130
1549	104	130
1550	105	130
1551	107	130
1552	109	129
1553	111	130
1554	114	130
1555	117	129
1556	121	130
1557	125	130
1558	129	130
1559	133	129
1560	137	130
1561	141	130
1562	145	129
1563	148	130
1564	151	130
1565	152	130
1566	153	129
1567	153	130
1568	153	130
1569	151	129
1570	148	130
1571	145	130
1572	142	129
1573	138	130
1574	135	130
1575	131	129
1576	127	130
1577	124	129
1578	121	130
1579	118	130
1580	116	129
1581	113	130
1582	111	130
1583	110	129
1584	109	130
1585	107	129
1586	106	130
1587	105	130
1588	105	130
1589	105	129
1590	105	130
1591	105	129
1592	105	130
1593	105	129
1594	106	129
1595	107	130
1596	108	130
1597	109	130
1598	111	130
1599	113	130
1600	115	130
1601	117	130
1602	119	130
1603	122	129
1604	125	130
1605	127	130
1606	130	130
1607	132	129
1608	135	130
1609	137	130
1610	139	129
1611	140	130
1612	141	130
1613	141	130
1614	141	129
1615	140	130
1616	139	129
1617	137	130
1618	136	130
1619	134	129
1620	131	130
1621	130	129
1622	128	130
1623	125	130
1624	123	130
1625	122	129
1626	120	130
1627	118	130
1628	117	130
1629	115	129
1630	115	130
1631	113	130
1632	112	130
1633	112	130
1634	111	130
1635	111	130
1636	111	130
1637	111	130
1638	111	130
1639	112	129
1640	112	130
1641	113	130
1642	114	130
1643	115	130
1644	116	130
1645	117	129
1646	119	130
1647	120	130
1648	122	130
1649	123	130
1650	125	130
1651	127	130
1652	129	130
1653	131	130
1654	132	130
1655	133	130
1656	134	130
1657	136	129
1658	136	130
1659	136	130
1660	136	130
1661	136	129
1662	135	130
1663	134	130
1664	133	130
1665	132	130
1666	130	130
1667	129	129
1668	128	130
1669	126	129
1670	125	130
1671	123	130
1672	122	129
1673	120	130
1674	119	130
1675	117	130
1676	117	130
1677	116	130
1678	115	130
1679	115	130
1680	114	130
1681	114	130
1682	113	130
1683	113	130
1684	114	130
1685	114	129
1686	114	129
1687	115	130
1688	115	129
1689	116	129
1690	117	130
1691	118	130
1692	119	129
1693	121	130
1694	122	130
1695	123	129
1696	124	130
1697	126	130
1698	127	130
1699	128	130
1700	129	130
1701	130	129
1702	131	130
1703	131	129
1704	132	130
1705	132	130
1706	132	130
1707	131	129
1708	131	130
1709	130	130
1710	129	130
1711	129	130
1712	127	130
1713	126	130
1714	125	130
1715	124	130
1716	123	130
1717	121	129
1718	120	130
1719	119	129
1720	118	129
1721	117	130
1722	117	130
1723	116	129
1724	116	130
1725	115	129
1726	116	130
1727	115	130
1728	115	130
1729	115	130
1730	116	130
1731	116	130
1732	117	130
1733	117	130
1734	118	129
1735	119	130
1736	120	130
1737	121	129
1738	121	130
1739	122	130
1740	123	130
1741	125	129
1742	125	130
1743	126	130
1744	127	130
1745	127	130
1746	128	129
1747	128	129
1748	129	130
1749	129	130
1750	129	130
1751	128	130
1752	128	130
1753	127	130
1754	126	130
1755	126	129
1756	125	130
1757	124	130
1758	123	130
1759	123	130
1760	122	130
1761	121	130
1762	120	130
1763	119	130
1764	119	130
1765	118	130
1766	118	130
1767	117	130
1768	117	130
1769	117	130
1770	116	130
1771	116	130
1772	116	130
1773	117	130
1774	117	130
1775	117	130
1776	117	130
1777	118	130
1778	118	130
1779	119	130
1780	119	130
1781	120	129
1782	120	129
1783	121	130
1784	122	130
1785	122	130
1786	123	129
1787	124	129
1788	124	130
1789	125	130
1790	125	130
1791	126	129
1792	126	130
1793	126	130
1794	127	130
1795	127	129
1796	126	129
1797	127	130
1798	126	129
1799	126	130
1800	126	130
1801	125	130
1802	125	129
1803	124	130
1804	124	130
1805	123	130
1806	123	130
1807	122	130
1808	122	130
1809	121	129
1810	121	130
1811	121	130
1812	121	130
1813	120	130
1814	120	130
1815	120	130
1816	120	130
1817	120	130
1818	120	130
1819	120	130
1820	120	129
1821	120	130
1822	120	130
1823	121	130
1824	121	129
1825	121	129
1826	121	130
1827	122	130
1828	122	130
1829	122	130
1830	123	130
1831	123	130
1832	123	129
1833	124	130
1834	124	129
1835	125	129
1836	125	130
1837	125	129
1838	125	129
1839	125	130
1840	125	130
1841	125	130
1842	125	130
1843	125	130
1844	124	129
1845	124	130
1846	124	129
1847	123	130
1848	123	129
1849	123	130
1850	122	129
1851	122	130
1852	122	130
1853	121	129
1854	121	130
1855	120	129
1856	120	130
1857	120	130
1858	120	129
1859	120	130
1860	120	129
1861	119	130
1862	119	130
1863	119	130
1864	119	129
1865	119	129
1866	120	129
1867	120	130
1868	120	129
1869	120	130
1870	120	129
1871	121	129
1872	121	129
1873	121	129
1874	122	129
1875	122	129
1876	122	129
1877	122	129
1878	123	129
1879	123	130
1880	124	129
1881	124	129
1882	124	129
1883	124	129
1884	124	129
1885	125	129
1886	125	130
1887	125	129
1888	125	129
1889	125	130
1890	125	129
1891	124	130
1892	125	130
1893	124	130
1894	124	130
1895	124	129
1896	123	130
1897	123	130
1898	123	130
1899	122	129
1900	122	129
1901	122	130
1902	121	130
1903	121	129
1904	121	130
1905	121	129
1906	120	130
1907	120	130
1908	120	130
1909	120	130
1910	119	130
1911	119	130
1912	120	130
1913	119	130
1914	119	130
1915	120	129
1916	120	129
1917	120	129
1918	121	129
1919	120	130
1920	121	129
1921	121	130
1922	121	130
1923	121	129
1924	121	129
1925	122	130
1926	122	130
1927	122	130
1928	123	130
1929	123	129
1930	123	130
1931	123	129
1932	123	129
1933	124	129
1934	124	130
1935	124	129
1936	124	129
1937	124	130
1938	124	129
1939	124	130
1940	124	130
1941	123	130
1942	123	129
1943	123	129
1944	123	130
1945	123	129
1946	123	130
1947	122	130
1948	122	130
1949	122	130
1950	122	130
1951	121	129
1952	122	130
1953	121	130
1954	121	129
1955	121	130
1956	122	130
1957	121	130
1958	121	130
1959	122	130
1960	122	130
1961	122	130
1962	122	129
1963	122	129
1964	122	130
1965	123	130
1966	123	129
1967	123	130
1968	123	129
1969	123	129
1970	123	129
1971	123	129
1972	123	130
1973	124	130
1974	124	130
1975	123	129
1976	124	129
1977	124	130
1978	124	129
1979	123	130
1980	123	129
1981	123	129
1982	123	130
1983	123	130
1984	123	129
1985	123	130
1986	122	130
1987	122	130
1988	122	130
1989	122	130
1990	122	129
1991	121	130
1992	121	130
1993	121	130
1994	121	130
1995	121	130
1996	121	130
1997	121	130
1998	121	129
1999	121	130
2000	121	130
2001	121	130
2002	121	130
2003	122	130
2004	122	130
2005	122	130
2006	122	130
2007	123	129
2008	123	129
2009	123	130
2010	123	130
2011	123	130
2012	123	130
2013	123	130
2014	124	129
2015	124	130
2016	124	129
2017	124	130
2018	124	130
2019	123	130
2020	124	130
2021	124	129
2022	123	130
2023	123	130
2024	123	129
2025	123	130
2026	123	129
2027	123	130
2028	122	130
2029	122	129
2030	122	130
2031	122	129
2032	121	130
2033	122	129
2034	121	130
2035	121	130
2036	121	129
2037	121	129
2038	121	130
2039	120	129
2040	120	129
2041	120	130
2042	120	130
2043	120	130
2044	121	130
2045	121	130
2046	121	130
2047	121	129
2048	121	129
2049	122	130
2050	122	130
2051	122	130
2052	122	130
2053	122	130
2054	123	130
2055	123	129
2056	123	129
2057	123	129
2058	123	130
2059	123	129
2060	123	129
2061	123	130
2062	123	130
2063	123	130
2064	123	130
2065	123	129
2066	123	130
2067	123	130
2068	123	130
2069	123	130
2070	123	130
2071	123	130
2072	122	129
2073	122	129
2074	122	130
2075	122	130
2076	121	130
2077	122	130
2078	121	129
2079	121	130
2080	121	130
2081	121	130
2082	121	130
2083	121	129
2084	121	129
2085	121	129
2086	121	129
2087	121	130
2088	121	130
2089	121	130
2090	122	129
2091	121	130
2092	122	130
2093	122	130
2094	122	130
2095	122	130
2096	123	129
2097	123	130
2098	123	130
2099	123	130
2100	123	130
2101	123	130
2102	123	130
2103	124	129
2104	124	129
2105	125	130
2106	123	130
2107	122	130
2108	122	130
2109	120	130
2110	119	129
2111	117	130
2112	115	130
2113	113	130
2114	111	130
2115	108	130
2116	105	130
2117	103	130
2118	100	130
2119	98	129
2120	96	129
2121	93	129
2122	91	130
2123	89	130
2124	87	130
2125	86	130
2126	85	130
2127	85	130
2128	84	130
2129	83	130
2130	83	130
2131	82	129
2132	82	130
2133	82	130
2134	82	130
2135	81	130
2136	81	130
2137	81	130
2138	81	130
2139	81	130
2140	80	130
2141	80	130
2142	80	130
2143	80	130
2144	80	130
2145	80	130
2146	80	130
2147	80	129
2148	80	129
2149	80	130
2150	80	130
2151	79	130
2152	80	130
2153	79	130
2154	80	130
2155	79	130
2156	79	130
2157	79	130
2158	79	130
2159	79	130
2160	79	130
2161	79	130
2162	79	130
2163	79	130
2164	79	129
2165	79	130
2166	79	130
2167	79	130
2168	79	129
2169	79	130
2170	79	130
2171	79	130
2172	79	130
2173	79	130
2174	79	130
2175	79	129
2176	79	130
2177	79	130
2178	79	130
2179	79	129
2180	79	130
2181	79	130
2182	79	130
2183	79	130
2184	79	129
2185	79	130
2186	79	130
2187	79	129
2188	79	130
2189	79	130
2190	79	130
2191	79	129
2192	79	129
2193	79	129
2194	79	130
2195	79	129
2196	79	129
2197	79	130
2198	79	129
2199	79	130
2200	79	129
2201	79	130
2202	79	130
2203	79	130
2204	79	130
2205	79	130
2206	79	130
2207	79	130
2208	79	130
2209	79	130
2210	79	130
2211	79	130
2212	79	130
2213	79	130
2214	78	130
2215	78	130
2216	80	130
2217	78	130
2218	78	130
2219	79	130
2220	79	130
2221	79	130
2222	79	130
2223	79	130
2224	79	130
2225	79	129
2226	79	130
2227	79	130
2228	79	130
2229	79	130
2230	79	130
2231	79	130
2232	79	130
2233	79	130
2234	79	129
2235	79	129
2236	79	130
2237	79	130
2238	79	130
2239	79	130
2240	79	130
2241	79	130
2242	79	130
2243	79	129
2244	79	130
2245	79	129
2246	78	129
2247	79	130
2248	78	130
2249	79	130
2250	79	130
2251	79	130
2252	79	130
2253	79	130
2254	79	130
2255	79	129
2256	79	130
2257	79	129
2258	79	130
2259	78	130
2260	79	129
2261	79	130
2262	79	130
2263	79	130
2264	79	129
2265	79	129
2266	79	130
2267	79	130
2268	79	130
2269	79	130
2270	79	129
2271	79	130
2272	79	130
2273	79	130
2274	79	130
2275	79	129
2276	79	129
2277	79	129
2278	79	130
2279	79	130
2280	79	130
2281	79	130
2282	79	129
2283	79	130
2284	79	129
2285	79	130
2286	79	130
2287	79	130
2288	79	130
2289	79	130
2290	79	130
2291	79	130
2292	79	130
2293	79	130
2294	79	129
2295	79	130
2296	79	130
2297	79	130
2298	79	130
2299	79	130
2300	79	130
2301	79	130
2302	79	130
2303	79	130
2304	79	130
2305	79	129
2306	79	129
2307	79	130
2308	79	130
2309	79	130
2310	79	130
2311	79	130
2312	79	130
2313	79	130
2314	79	130
2315	78	130
2316	79	129
2317	79	130
2318	79	130
2319	79	129
2320	79	129
2321	79	130
2322	78	129
2323	78	130
2324	80	129
2325	78	130
2326	78	130
2327	79	130
2328	79	130
2329	79	130
2330	79	130
2331	79	130
2332	79	129
2333	79	130
2334	79	130
2335	79	129
2336	79	130
2337	79	130
2338	79	129
2339	79	130
2340	79	130
2341	79	130
2342	79	130
2343	79	130
2344	79	129
2345	79	129
2346	79	130
2347	79	130
2348	79	130
2349	79	130
2350	79	130
2351	79	130
2352	79	130
2353	79	130
2354	79	129
2355	79	130
2356	79	129
2357	79	130
2358	79	129
2359	79	130
2360	79	130
2361	79	130
2362	79	130
2363	79	130
2364	78	130
2365	79	130
2366	79	129
2367	79	130
2368	79	130
2369	79	130
2370	79	130
2371	79	130
2372	79	129
2373	79	129
2374	78	129
2375	78	130
2376	78	130
2377	78	129
2378	78	130
2379	79	130
2380	79	129
2381	79	130
2382	79	130
2383	79	130
2384	79	130
2385	79	130
2386	80	130
2387	80	130
2388	80	130
2389	79	130
2390	80	130
2391	79	130
2392	79	130
2393	79	130
2394	79	130
2395	80	130
2396	79	130
2397	80	130
2398	79	129
2399	79	130
2400	79	129
2401	79	130
2402	79	130
2403	79	129
2404	79	129
2405	79	130
2406	79	130
2407	79	130
2408	79	129
2409	79	130
2410	79	130
2411	79	130
2412	79	129
2413	79	130
2414	78	130
2415	79	129
2416	79	130
2417	79	130
2418	78	129
2419	79	129
2420	79	130
2421	79	129
2422	78	129
2423	78	130
2424	79	130
2425	78	130
2426	79	129
2427	78	129
2428	79	129
2429	79	130
2430	78	129
2431	78	129
2432	80	130
2433	78	130
2434	78	129
2435	79	130
2436	79	130
2437	79	130
2438	79	129
2439	79	130
2440	79	129
2441	79	130
2442	79	130
2443	79	130
2444	79	130
2445	79	130
2446	79	130
2447	79	130
2448	79	129
2449	79	129
2450	79	130
2451	79	129
2452	79	129
2453	79	130
2454	79	129
2455	79	130
2456	79	129
2457	79	129
2458	79	130
2459	79	130
2460	79	129
2461	79	130
2462	79	130
2463	79	130
2464	78	130
2465	79	130
2466	79	130
2467	79	129
2468	79	130
2469	79	130
2470	78	130
2471	79	129
2472	79	129
2473	79	130
2474	79	129
2475	79	129
2476	79	129
2477	79	129
2478	79	129
2479	79	129
2480	79	129
2481	79	129
2482	79	129
2483	79	130
2484	79	130
2485	79	129
2486	79	129
2487	79	129
2488	79	130
2489	79	130
2490	79	130
2491	79	130
2492	79	130
2493	79	129
2494	79	130
2495	79	129
2496	79	130
2497	79	130
2498	79	130
2499	79	130
2500	79	129
2501	79	130
2502	79	129
2503	78	130
2504	78	130
2505	79	130
2506	79	130
2507	79	129
2508	79	130
2509	79	130
2510	79	130
2511	79	130
2512	79	130
2513	79	130
2514	79	130
2515	79	130
2516	79	130
2517	79	129
2518	78	130
2519	79	130
2520	79	129
2521	79	129
2522	79	130
2523	79	130
2524	79	130
2525	79	130
2526	79	130
2527	79	130
2528	79	130
2529	79	130
2530	79	130
2531	79	130
2532	79	130
2533	78	130
2534	79	130
2535	79	130
2536	79	130
2537	79	130
2538	78	129
2539	78	130
2540	79	130
2541	78	129
2542	79	129
2543	79	130
2544	79	130
2545	79	130
2546	79	129
2547	80	130
2548	81	130
2549	83	130
2550	87	129
2551	126	129
2552	255	130
2553	255	130
2554	255	130
2555	255	130
2556	255	130
2557	214	130
2558	190	130
2559	132	129
2560	135	129
2561	115	129
2562	99	129
2563	100	130
2564	95	129
2565	91	129
2566	88	130
2567	87	130
2568	86	130
2569	85	129
2570	84	129
2571	84	130
2572	83	130
2573	83	130
2574	83	130
2575	83	130
2576	82	130
2577	82	130
2578	81	130
2579	81	130
2580	81	130
2581	81	130
2582	81	130
2583	81	129
2584	81	130
2585	81	130
2586	81	130
2587	82	130
2588	82	130
2589	82	130
2590	83	129
2591	84	130
2592	87	129
2593	96	130
2594	120	130
2595	118	129
2596	130	130
2597	154	130
2598	163	130
2599	190	130
2600	208	130
2601	224	130
2602	239	130
2603	239	130
2604	237	130
2605	224	130
2606	209	129
2607	192	130
2608	173	130
2609	159	130
2610	145	129
2611	134	130
2612	125	130
2613	117	130
2614	111	129
2615	106	130
2616	102	129
2617	99	129
2618	97	130
2619	94	130
2620	93	130
2621	92	129
2622	91	129
2623	90	130
2624	89	130
2625	89	130
2626	89	130
2627	89	130
2628	89	130
2629	89	130
2630	90	129
2631	90	130
2632	91	130
2633	93	130
2634	94	130
2635	97	129
2636	99	129
2637	103	130
2638	107	129
2639	111	130
2640	117	130
2641	124	130
2642	131	130
2643	140	130
2644	149	130
2645	158	130
2646	165	130
2647	174	130
2648	180	130
2649	183	130
2650	184	130
2651	182	130
2652	177	130
2653	172	129
2654	164	130
2655	157	130
2656	148	130
2657	141	130
2658	134	130
2659	127	130
2660	122	130
2661	118	130
2662	114	130
2663	110	129
2664	108	130
2665	105	129
2666	103	130
2667	102	130
2668	101	130
2669	99	130
2670	99	129
2671	99	130
2672	98	130
2673	99	130
2674	99	129
2675	100	130
2676	101	130
2677	102	130
2678	103	130
2679	105	130
2680	107	130
2681	110	130
2682	114	130
2683	117	130
2684	122	130
2685	126	130
2686	131	130
2687	136	130
2688	142	129
2689	147	130
2690	152	130
2691	157	130
2692	160	130
2693	162	130
2694	163	129
2695	163	130
2696	161	130
2697	158	129
2698	154	130
2699	150	130
2700	146	129
2701	141	130
2702	136	130
2703	132	130
2704	128	130
2705	124	129
2706	121	130
2707	118	130
2708	116	129
2709	113	130
2710	111	130
2711	110	130
2712	109	130
2713	108	130
2714	108	130
2715	107	130
2716	107	129
2717	107	130
2718	108	130
2719	108	130
2720	109	130
2721	110	130
2722	111	129
2723	113	129
2724	114	129
2725	116	130
2726	119	130
2727	121	129
2728	123	130
2729	125	130
2730	127	130
2731	130	130
2732	132	130
2733	133	130
2734	135	130
2735	136	130
2736	136	130
2737	136	130
2738	135	130
2739	134	130
2740	133	130
2741	132	130
2742	131	130
2743	129	130
2744	128	130
2745	127	130
2746	125	130
2747	124	130
2748	123	130
2749	122	130
2750	121	130
2751	121	130
2752	120	130
2753	120	130
2754	119	130
2755	119	130
2756	120	130
2757	119	130
2758	120	130
2759	121	130
2760	121	130
2761	122	130
2762	122	130
2763	123	130
2764	124	130
2765	124	130
2766	125	130
2767	126	130
2768	126	129
2769	127	130
2770	127	130
2771	127	130
2772	127	130
2773	127	130
2774	127	130
2775	127	130
2776	126	130
2777	126	130
2778	126	130
2779	126	130
2780	125	130
2781	125	129
2782	125	129
2783	124	130
2784	124	130
2785	123	130
2786	122	130
2787	122	130
2788	122	130
2789	122	129
2790	123	130
2791	122	130
2792	123	129
2793	123	130
2794	124	130
2795	124	130
2796	124	129
2797	125	129
2798	125	130
2799	125	130
2800	125	129
2801	125	130
2802	125	130
2803	126	129
2804	126	130
2805	125	129
2806	126	129
2807	125	130
2808	125	130
2809	126	129
2810	125	130
2811	125	129
2812	125	130
2813	124	130
2814	124	129
2815	123	130
2816	123	129
2817	123	130
2818	123	129
2819	123	130
2820	122	130
2821	122	130
2822	122	130
2823	122	129
2824	122	130
2825	121	130
2826	122	130
2827	122	130
2828	122	130
2829	122	130
2830	123	130
2831	123	130
2832	123	130
2833	123	130
2834	124	130
2835	125	130
2836	125	129
2837	126	130
2838	126	130
2839	127	130
2840	127	130
2841	128	130
2842	128	130
2843	128	130
2844	129	130
2845	129	130
2846	129	130
2847	129	130
2848	129	129
2849	129	130
2850	129	130
2851	129	130
2852	128	130
2853	128	130
2854	128	130
2855	128	130
2856	128	129
2857	128	129
2858	127	130
2859	127	130
2860	127	130
2861	127	130
2862	127	130
2863	126	130
2864	127	130
2865	126	130
2866	127	130
2867	127	130
2868	126	130
2869	127	130
2870	127	129
2871	127	130
2872	127	130
2873	127	130
2874	127	129
2875	127	129
2876	127	129
2877	127	130
2878	127	130
2879	127	130
2880	127	129
2881	127	129
2882	127	130
2883	127	130
2884	126	129
2885	126	130
2886	126	129
2887	126	129
2888	126	130
2889	125	130
2890	125	130
2891	125	130
2892	125	129
2893	125	130
2894	125	130
2895	125	129
2896	124	129
2897	125	130
2898	124	130
2899	124	129
2900	124	130
2901	124	130
2902	123	130
2903	123	130
2904	123	130
2905	124	130
2906	123	130
2907	123	129
2908	124	129
2909	124	130
2910	124	130
2911	124	130
2912	124	130
2913	124	130
2914	125	130
2915	125	130
2916	125	130
2917	125	130
2918	125	130
2919	126	129
2920	126	130
2921	126	130
2922	126	130
2923	126	130
2924	125	130
2925	125	129
2926	126	129
2927	126	130
2928	125	130
2929	125	130
2930	125	129
2931	125	130
2932	124	130
2933	124	130
2934	124	130
2935	124	130
2936	124	130
2937	123	129
2938	123	130
2939	123	130
2940	123	130
2941	123	130
2942	123	130
2943	123	130
2944	123	130
2945	123	130
2946	123	130
2947	123	130
2948	123	130
2949	123	130
2950	123	130
2951	124	129
2952	124	130
2953	124	130
2954	124	129
2955	124	130
2956	124	130
2957	124	130
2958	124	130
2959	125	130
2960	125	130
2961	125	130
2962	125	130
2963	125	129
2964	125	130
2965	125	130
2966	125	130
2967	125	130
2968	126	130
2969	126	129
2970	125	130
2971	125	130
2972	126	130
2973	125	130
2974	125	130
2975	125	130
2976	125	130
2977	125	129
2978	125	130
2979	124	130
2980	124	130
2981	123	130
2982	123	130
2983	123	130
2984	123	130
2985	123	130
2986	122	130
2987	122	130
2988	122	130
2989	122	130
2990	122	130
2991	122	130
2992	122	130
2993	122	130
2994	122	130
2995	122	130
2996	122	129
2997	123	130
2998	123	130
2999	123	130
3000	124	130
3001	124	130
3002	124	130
3003	125	130
3004	125	130
3005	126	130
3006	126	130
3007	126	130
3008	127	130
3009	127	130
3010	127	130
3011	127	130
3012	127	130
3013	127	130
3014	126	130
3015	126	130
3016	126	130
3017	126	130
3018	126	130
3019	125	129
3020	125	129
3021	125	129
3022	125	130
3023	124	130
3024	124	129
3025	124	130
3026	123	130
3027	123	129
3028	123	129
3029	123	129
3030	123	129
3031	123	129
3032	123	130
3033	122	129
3034	123	129
3035	122	130
3036	123	130
3037	123	129
3038	123	130
3039	123	130
3040	123	130
3041	124	129
3042	124	129
3043	124	129
3044	124	129
3045	124	130
3046	124	129
3047	124	129
3048	124	130
3049	124	129
3050	124	130
3051	124	129
3052	124	130
3053	124	130
3054	124	129
3055	125	129
3056	124	129
3057	125	130
3058	125	129
3059	125	129
3060	125	129
3061	125	129
3062	125	129
3063	125	130
3064	126	129
3065	125	129
3066	125	130
3067	125	129
3068	125	129
3069	126	129
3070	125	130
3071	126	129
3072	125	129
3073	125	130
3074	125	130
3075	125	130
3076	125	130
3077	125	129
3078	124	129
3079	124	130
3080	125	129
3081	124	130
3082	125	130
3083	125	130
3084	124	130
3085	124	130
3086	124	129
3087	124	130
3088	124	130
3089	124	129
3090	124	130
3091	123	130
3092	123	130
3093	123	129
3094	123	129
3095	123	130
3096	123	130
3097	123	130
3098	123	130
3099	123	130
3100	123	130
3101	124	130
3102	124	130
3103	124	129
3104	124	130
3105	125	130
3106	124	130
3107	125	130
3108	125	130
3109	125	130
3110	125	130
3111	125	130
3112	125	130
3113	126	130
3114	126	129
3115	126	130
3116	126	130
3117	126	130
3118	126	129
3119	126	130
3120	126	130
3121	126	129
3122	126	129
3123	126	129
3124	126	130
3125	126	130
3126	126	130
3127	126	130
3128	126	130
3129	126	129
3130	125	129
3131	125	130
3132	125	129
3133	125	130
3134	125	130
3135	125	130
3136	124	129
3137	124	130
3138	124	130
3139	124	129
3140	124	129
3141	124	129
3142	124	129
3143	123	130
3144	123	130
3145	123	129
3146	123	130
3147	123	130
3148	123	130
3149	123	130
3150	123	130
3151	124	130
3152	124	130
3153	124	129
3154	124	130
3155	124	129
3156	124	130
3157	125	130
3158	125	130
3159	125	130
3160	125	130
3161	125	130
3162	125	130
3163	125	129
3164	125	129
3165	125	130
3166	125	130
3167	125	129
3168	125	130
3169	125	130
3170	125	130
3171	125	130
3172	125	130
3173	125	130
3174	125	129
3175	125	129
3176	125	130
3177	124	130
3178	125	129
3179	125	130
3180	124	129
3181	125	129
3182	124	129
3183	123	130
3184	122	130
3185	120	130
3186	118	130
3187	116	129
3188	114	129
3189	112	129
3190	110	130
3191	107	130
3192	104	129
3193	102	130
3194	99	130
3195	97	130
3196	94	129
3197	92	130
3198	90	129
3199	89	130
3200	87	130
3201	86	129
3202	85	129
3203	84	129
3204	83	130
3205	83	129
3206	82	130
3207	82	130
3208	82	130
3209	82	130
3210	81	130
3211	81	130
3212	81	130
3213	81	130
3214	81	130
3215	80	129
3216	80	129
3217	80	130
3218	80	130
3219	80	130
3220	79	129
3221	80	130
3222	80	129
3223	80	130
3224	80	130
3225	80	130
3226	79	130
3227	80	130
3228	79	130
3229	80	130
3230	79	130
3231	79	130
3232	79	130
3233	79	130
3234	79	130
3235	79	129
3236	79	130
3237	79	130
3238	79	130
3239	79	130
3240	79	129
3241	79	130
3242	79	130
3243	79	130
3244	79	130
3245	79	129
3246	79	129
3247	79	130
3248	79	130
3249	79	130
3250	79	130
3251	79	130
3252	79	130
3253	79	129
3254	79	129
3255	79	130
3256	79	130
3257	79	130
3258	79	130
3259	79	130
3260	79	130
3261	79	130
3262	79	130
3263	79	130
3264	79	130
3265	79	129
3266	79	129
3267	79	130
3268	79	130
3269	79	130
3270	79	130
3271	79	130
3272	79	129
3273	79	129
3274	79	130
3275	79	130
3276	79	129
3277	79	129
3278	79	130
3279	79	130
3280	79	130
3281	79	130
3282	79	130
3283	79	129
3284	79	129
3285	79	129
3286	79	130
3287	79	130
3288	79	130
3289	79	130
3290	79	130
3291	79	129
3292	79	129
3293	79	129
3294	79	129
3295	78	130
3296	80	130
3297	78	129
3298	79	130
3299	79	130
3300	79	130
3301	79	129
3302	79	129
3303	79	129
3304	79	130
3305	79	130
3306	79	130
3307	79	130
3308	79	130
3309	79	130
3310	79	130
3311	79	130
3312	79	130
3313	79	130
3314	79	129
3315	79	130
3316	79	130
3317	79	130
3318	79	130
3319	79	130
3320	79	130
3321	79	130
3322	79	129
3323	79	130
3324	79	130
3325	79	130
3326	79	130
3327	79	129
3328	78	130
3329	79	130
3330	79	130
3331	79	130
3332	79	129
3333	79	129
3334	79	130
3335	79	130
3336	79	129
3337	79	130
3338	79	130
3339	79	130
3340	79	129
3341	79	130
3342	79	130
3343	79	130
3344	79	130
3345	79	130
3346	79	130
3347	79	129
3348	79	130
3349	79	130
3350	79	130
3351	79	130
3352	79	130
3353	79	130
3354	79	129
3355	79	130
3356	79	130
3357	79	130
3358	79	130
3359	79	130
3360	79	130
3361	79	130
3362	79	130
3363	79	130
3364	79	130
3365	79	130
3366	79	130
3367	79	130
3368	79	130
3369	79	130
3370	79	130
3371	79	130
3372	79	130
3373	79	130
3374	79	130
3375	79	130
3376	79	130
3377	79	130
3378	79	130
3379	79	130
3380	79	129
3381	79	130
3382	79	130
3383	79	130
3384	79	130
3385	79	130
3386	79	130
3387	79	130
3388	79	129
3389	79	129
3390	79	130
3391	79	130
3392	79	130
3393	79	130
3394	79	130
3395	79	130
3396	79	130
3397	79	130
3398	79	129
3399	79	130
3400	79	130
3401	79	130
3402	78	129
3403	78	130
3404	80	130
3405	79	130
3406	79	130
3407	79	130
3408	79	129
3409	79	130
3410	79	130
3411	79	130
3412	79	130
3413	79	130
3414	79	130
3415	79	130
3416	79	130
3417	79	129
3418	79	130
3419	79	130
3420	79	129
3421	79	129
3422	79	130
3423	79	129
3424	79	130
3425	79	130
3426	79	129
3427	79	130
3428	79	130
3429	79	130
3430	79	130
3431	79	130
3432	79	130
3433	79	130
3434	79	130
3435	79	130
3436	78	129
3437	79	130
3438	79	130
3439	79	129
3440	78	130
3441	79	130
3442	79	130
3443	79	130
3444	79	130
3445	79	130
3446	79	130
3447	78	130
3448	79	130
3449	79	130
3450	78	129
3451	78	130
3452	78	130
3453	78	130
3454	78	130
3455	79	130
3456	79	130
3457	79	130
3458	79	130
3459	79	130
3460	79	130
3461	80	130
3462	80	130
3463	80	130
3464	80	129
3465	80	130
3466	80	129
3467	79	130
3468	80	130
3469	79	130
3470	80	130
3471	79	129
3472	79	130
3473	79	129
3474	79	130
3475	79	129
3476	79	130
3477	79	129
3478	79	129
3479	79	130
3480	79	130
3481	79	130
3482	79	130
3483	79	130
3484	79	130
3485	79	130
3486	79	130
3487	79	130
3488	79	130
3489	78	130
3490	79	130
3491	78	130
3492	79	130
3493	79	130
3494	78	129
3495	78	130
3496	78	130
3497	79	129
3498	78	129
3499	79	130
3500	79	130
3501	78	130
3502	79	130
3503	79	130
3504	79	130
3505	78	130
3506	79	130
3507	79	130
3508	79	130
3509	79	130
3510	78	130
3511	78	130
3512	80	130
3513	79	130
3514	79	130
3515	79	130
3516	79	130
3517	79	130
3518	79	129
3519	79	129
3520	79	130
3521	79	130
3522	79	129
3523	79	129
3524	79	130
3525	79	130
3526	79	129
3527	79	129
3528	79	130
3529	79	130
3530	79	129
3531	79	130
3532	79	130
3533	79	130
3534	79	130
3535	79	129
3536	79	130
3537	79	129
3538	79	129
3539	79	130
3540	79	129
3541	79	130
3542	79	130
3543	79	129
3544	78	129
3545	79	130
3546	79	130
3547	79	129
3548	79	130
3549	79	130
3550	78	130
3551	79	130
3552	79	130
3553	79	130
3554	79	130
3555	79	130
3556	79	130
3557	79	130
3558	79	130
3559	79	130
3560	79	130
3561	79	130
3562	79	130
3563	79	130
3564	79	130
3565	79	130
3566	79	130
3567	79	129
3568	79	130
3569	79	130
3570	79	130
3571	79	130
3572	79	130
3573	79	130
3574	79	130
3575	79	130
3576	79	129
3577	79	129
3578	79	130
3579	79	130
3580	79	130
3581	79	130
3582	79	129
3583	79	130
3584	79	129
3585	79	129
3586	79	130
3587	79	130
3588	79	130
3589	79	130
3590	79	130
3591	79	130
3592	79	130
3593	79	130
3594	79	130
3595	79	130
3596	79	129
3597	79	130
3598	79	130
3599	79	129
3600	79	130
3601	78	130
3602	79	129
3603	79	130
3604	79	129
3605	79	129
3606	79	129
3607	79	129
3608	79	130
3609	79	130
3610	79	129
3611	79	129
3612	79	130
3613	79	129
3614	78	130
3615	79	129
3616	78	130
3617	79	129
3618	78	129
3619	78	130
3620	80	130
3621	78	130
3622	79	130
3623	79	129
3624	80	130
3625	81	130
3626	83	129
3627	89	129
3628	154	129
3629	255	130
3630	255	130
3631	255	130
3632	255	129
3633	205	130
3634	205	130
3635	145	129
3636	139	130
3637	129	130
3638	106	129
3639	108	129
3640	104	130
3641	96	130
3642	94	129
3643	93	130
3644	91	129
3645	89	130
3646	88	129
3647	87	130
3648	87	129
3649	86	129
3650	86	129
3651	85	130
3652	85	129
3653	85	129
3654	85	130
3655	85	130
3656	86	130
3657	86	130
3658	86	129
3659	88	129
3660	89	129
3661	93	130
3662	96	129
3663	99	129
3664	103	130
3665	109	130
3666	116	129
3667	123	129
3668	132	130
3669	143	129
3670	154	130
3671	166	129
3672	177	129
3673	186	130
3674	192	129
3675	195	129
3676	195	129
3677	190	129
3678	183	130
3679	174	129
3680	164	130
3681	154	129
3682	145	130
3683	137	130
3684	129	130
3685	123	130
3686	118	130
3687	113	130
3688	109	130
3689	105	130
3690	103	130
3691	101	130
3692	99	130
3693	98	130
3694	96	130
3695	96	129
3696	95	130
3697	95	130
3698	94	130
3699	94	130
3700	94	129
3701	95	129
3702	96	130
3703	97	130
3704	98	130
3705	99	129
3706	101	129
3707	103	130
3708	106	130
3709	109	129
3710	113	130
3711	117	130
3712	122	130
3713	127	129
3714	133	130
3715	138	130
3716	144	130
3717	149	129
3718	154	129
3719	158	130
3720	161	130
3721	163	129
3722	162	130
3723	161	130
3724	158	130
3725	154	130
3726	149	130
3727	144	130
3728	140	130
3729	135	129
3730	131	129
3731	127	129
3732	122	130
3733	119	130
3734	116	130
3735	113	130
3736	111	130
3737	108	130
3738	107	130
3739	105	130
3740	104	129
3741	103	130
3742	102	130
3743	102	130
3744	101	130
3745	102	130
3746	102	130
3747	102	130
3748	103	130
3749	103	130
3750	105	130
3751	106	130
3752	107	130
3753	109	130
3754	111	129
3755	114	130
3756	117	130
3757	119	130
3758	123	130
3759	126	129
3760	129	130
3761	132	130
3762	136	130
3763	138	130
3764	141	129
3765	143	129
3766	145	130
3767	145	130
3768	145	130
3769	145	130
3770	144	130
3771	142	130
3772	140	130
3773	137	129
3774	135	130
3775	131	130
3776	129	130
3777	126	130
3778	123	130
3779	121	130
3780	118	130
3781	116	130
3782	114	130
3783	113	130
3784	111	130
3785	110	130
3786	109	130
3787	108	130
3788	108	130
3789	107	130
3790	107	130
3791	107	130
3792	107	130
3793	108	129
3794	108	130
3795	109	129
3796	110	130
3797	111	129
3798	112	130
3799	114	129
3800	115	130
3801	117	129
3802	119	130
3803	121	129
3804	124	130
3805	126	130
3806	128	129
3807	131	130
3808	132	130
3809	134	130
3810	135	130
3811	137	130
3812	137	129
3813	138	130
3814	138	129
3815	137	130
3816	136	130
3817	135	130
3818	134	130
3819	132	130
3820	130	130
3821	128	129
3822	126	130
3823	124	129
3824	122	130
3825	120	130
3826	118	130
3827	117	130
3828	115	129
3829	114	130
3830	113	130
3831	112	130
3832	111	129
3833	111	130
3834	109	130
3835	109	130
3836	110	130
3837	110	129
3838	110	130
3839	111	130
3840	111	130
3841	112	130
3842	113	130
3843	115	130
3844	116	129
3845	117	130
3846	119	130
3847	121	130
3848	123	130
3849	125	130
3850	127	129
3851	129	130
3852	130	130
3853	131	129
3854	134	130
3855	135	130
3856	136	129
3857	136	130
3858	136	130
3859	136	130
3860	136	129
3861	135	130
3862	133	130
3863	132	130
3864	131	130
3865	129	130
3866	127	130
3867	125	130
3868	123	130
3869	122	129
3870	120	130
3871	118	130
3872	117	129
3873	115	130
3874	114	130
3875	113	129
3876	113	130
3877	112	130
3878	111	130
3879	111	130
3880	111	130
3881	111	130
3882	111	129
3883	112	130
3884	112	130
3885	113	129
3886	114	129
3887	115	130
3888	116	130
3889	117	129
3890	119	130
3891	120	130
3892	121	130
3893	123	130
3894	123	130
3895	124	130
3896	124	130
3897	124	130
3898	124	130
3899	124	130
3900	125	130
3901	125	130
3902	126	130
3903	127	130
3904	127	130
3905	128	130
3906	129	130
3907	129	130
3908	129	129
3909	130	129
3910	130	130
3911	130	129
3912	130	130
3913	130	129
3914	130	130
3915	129	129
3916	129	130
3917	129	130
3918	128	129
3919	127	130
3920	126	130
3921	126	130
3922	125	130
3923	124	130
3924	123	129
3925	123	130
3926	122	130
3927	121	130
3928	121	130
3929	120	130
3930	120	130
3931	120	130
3932	120	130
3933	119	130
3934	119	130
3935	120	129
3936	120	130
3937	120	130
3938	120	130
3939	120	130
3940	121	130
3941	122	130
3942	121	129
3943	122	130
3944	123	130
3945	123	130
3946	124	130
3947	125	130
3948	125	130
3949	126	130
3950	126	130
3951	127	130
3952	127	129
3953	128	130
3954	128	130
3955	128	130
3956	128	130
3957	128	130
3958	128	130
3959	128	130
3960	127	130
3961	127	130
3962	126	130
3963	126	130
3964	125	130
3965	125	130
3966	124	130
3967	123	130
3968	123	129
3969	122	130
3970	122	130
3971	121	130
3972	121	129
3973	120	130
3974	121	130
3975	120	130
3976	120	129
3977	119	129
3978	119	129
3979	119	130
3980	119	130
3981	119	130
3982	120	130
3983	120	129
3984	120	130
3985	121	130
3986	121	130
3987	121	129
3988	122	130
3989	122	130
3990	123	130
3991	124	130
3992	124	130
3993	125	130
3994	125	129
3995	126	130
3996	127	130
3997	127	129
3998	127	130
3999	127	130
4000	128	129
4001	128	130
4002	128	130
4003	128	130
4004	127	130
4005	127	129
4006	127	129
4007	126	129
4008	126	130
4009	125	130
4010	124	130
4011	124	130
4012	123	130
4013	123	129
4014	123	130
4015	122	129
4016	121	130
4017	121	130
4018	120	130
4019	120	130
4020	120	130
4021	120	130
4022	119	130
4023	119	130
4024	119	129
4025	119	130
4026	119	130
4027	119	129
4028	120	130
4029	119	130
4030	120	129
4031	120	130
4032	120	130
4033	121	130
4034	121	130
4035	122	130
4036	122	130
4037	122	130
4038	123	130
4039	123	129
4040	123	130
4041	124	130
4042	124	129
4043	125	130
4044	125	130
4045	125	130
4046	125	130
4047	125	130
4048	125	130
4049	126	130
4050	125	129
4051	124	130
4052	125	130
4053	124	130
4054	124	130
4055	123	130
4056	122	130
4057	123	130
4058	122	130
4059	121	129
4060	120	129
4061	120	130
4062	120	130
4063	119	129
4064	119	130
4065	119	130
4066	119	130
4067	118	130
4068	118	130
4069	119	130
4070	118	130
4071	119	130
4072	119	130
4073	119	130
4074	119	130
4075	119	129
4076	120	130
4077	120	130
4078	121	130
4079	121	130
4080	122	130
4081	121	130
4082	123	130
4083	122	130
4084	123	130
4085	123	129
4086	124	130
4087	124	130
4088	124	129
4089	124	130
4090	124	130
4091	124	130
4092	124	130
4093	125	130
4094	124	130
4095	124	130
