
TIME STEP:
125 = 50us

VOLTAGE STEP:
CH1:  32 = 0.15V
CH2:  32 = 5V
GND	77	128
N	CH1	CH2

0	91	130
1	90	130
2	89	130
3	88	130
4	87	130
5	87	130
6	87	130
7	86	130
8	86	130
9	85	129
10	85	130
11	85	129
12	84	130
13	84	129
14	84	130
15	84	129
16	84	129
17	84	130
18	83	130
19	83	130
20	83	129
21	83	130
22	83	130
23	83	130
24	83	130
25	83	130
26	83	129
27	83	129
28	83	130
29	83	130
30	83	129
31	83	130
32	83	130
33	83	130
34	83	130
35	83	130
36	83	130
37	83	130
38	83	130
39	83	129
40	82	130
41	83	130
42	82	130
43	83	130
44	83	130
45	82	130
46	83	130
47	82	130
48	82	129
49	82	129
50	82	130
51	82	130
52	82	130
53	82	130
54	82	130
55	83	130
56	81	130
57	83	130
58	82	130
59	82	130
60	83	130
61	82	129
62	82	130
63	82	130
64	82	129
65	82	130
66	82	130
67	82	130
68	82	130
69	82	130
70	82	129
71	82	130
72	82	130
73	82	130
74	82	130
75	82	130
76	82	129
77	82	130
78	82	129
79	82	130
80	82	130
81	82	129
82	82	129
83	82	130
84	82	130
85	82	130
86	83	130
87	82	129
88	82	129
89	82	130
90	82	130
91	82	129
92	82	130
93	82	130
94	82	130
95	82	130
96	82	130
97	82	129
98	82	130
99	82	130
100	82	130
101	82	130
102	82	130
103	82	130
104	82	130
105	82	130
106	82	129
107	82	129
108	82	129
109	82	130
110	82	130
111	82	130
112	82	130
113	82	130
114	82	129
115	82	130
116	82	129
117	82	129
118	82	130
119	82	130
120	82	130
121	82	130
122	82	130
123	82	130
124	82	130
125	82	130
126	82	130
127	82	130
128	82	130
129	82	130
130	82	130
131	82	130
132	82	130
133	82	130
134	82	130
135	82	130
136	82	130
137	82	130
138	82	130
139	82	130
140	82	130
141	82	129
142	82	130
143	82	130
144	82	130
145	82	129
146	82	130
147	82	130
148	82	130
149	82	130
150	82	129
151	82	130
152	82	130
153	82	129
154	82	130
155	82	130
156	82	130
157	82	130
158	82	130
159	82	130
160	82	129
161	82	130
162	82	130
163	82	130
164	83	130
165	82	129
166	82	130
167	82	130
168	82	130
169	82	130
170	82	129
171	82	130
172	82	130
173	82	130
174	82	130
175	82	130
176	82	130
177	82	130
178	82	130
179	82	130
180	82	130
181	82	130
182	82	130
183	82	129
184	82	130
185	82	130
186	82	130
187	82	130
188	82	130
189	82	130
190	82	130
191	82	130
192	82	129
193	82	129
194	82	130
195	82	129
196	82	130
197	82	130
198	82	130
199	82	130
200	82	130
201	82	130
202	82	129
203	83	129
204	82	130
205	82	130
206	82	130
207	82	129
208	82	130
209	82	130
210	82	130
211	82	130
212	82	130
213	82	130
214	82	130
215	82	130
216	82	130
217	82	130
218	82	130
219	82	130
220	82	130
221	82	130
222	82	130
223	82	130
224	82	130
225	82	130
226	82	130
227	82	129
228	82	130
229	82	130
230	82	129
231	82	130
232	82	130
233	82	130
234	82	130
235	82	130
236	82	130
237	82	130
238	82	130
239	82	130
240	82	130
241	82	130
242	82	130
243	82	130
244	82	130
245	82	129
246	82	130
247	82	130
248	81	130
249	81	130
250	81	130
251	81	130
252	82	130
253	82	130
254	83	130
255	83	130
256	83	130
257	83	130
258	83	130
259	83	130
260	83	130
261	83	129
262	83	130
263	83	130
264	83	130
265	83	129
266	83	130
267	83	130
268	83	130
269	83	130
270	83	130
271	83	130
272	83	129
273	82	130
274	84	130
275	82	129
276	83	130
277	83	130
278	82	130
279	82	129
280	83	130
281	82	129
282	82	130
283	82	130
284	82	130
285	82	130
286	82	130
287	82	130
288	82	130
289	82	130
290	82	130
291	82	130
292	82	130
293	82	130
294	82	130
295	82	130
296	82	130
297	82	130
298	82	129
299	82	130
300	82	130
301	82	130
302	82	130
303	82	130
304	82	130
305	82	130
306	82	130
307	82	129
308	82	130
309	82	130
310	82	130
311	83	130
312	82	130
313	82	130
314	82	130
315	82	130
316	82	129
317	82	130
318	82	130
319	82	130
320	82	130
321	82	129
322	82	130
323	82	129
324	82	130
325	82	130
326	82	129
327	82	130
328	82	129
329	82	130
330	82	130
331	82	130
332	82	130
333	82	130
334	82	130
335	82	130
336	82	130
337	82	130
338	82	129
339	82	130
340	82	130
341	82	130
342	82	130
343	82	129
344	82	130
345	82	130
346	82	130
347	82	130
348	82	130
349	82	130
350	82	130
351	82	129
352	82	130
353	82	130
354	82	130
355	82	130
356	82	130
357	82	130
358	82	130
359	82	130
360	82	130
361	82	129
362	82	130
363	82	129
364	82	130
365	82	130
366	82	130
367	82	130
368	82	130
369	82	129
370	82	130
371	82	130
372	82	129
373	82	130
374	82	130
375	83	130
376	84	130
377	85	130
378	89	130
379	116	130
380	246	130
381	255	130
382	255	130
383	255	130
384	255	130
385	190	130
386	195	130
387	135	129
388	133	130
389	127	130
390	105	130
391	107	130
392	105	130
393	99	130
394	97	130
395	96	130
396	95	130
397	93	130
398	93	130
399	93	130
400	93	130
401	94	130
402	95	130
403	96	130
404	98	130
405	101	130
406	105	130
407	110	130
408	117	130
409	125	130
410	136	130
411	149	130
412	165	130
413	184	130
414	205	130
415	225	130
416	242	130
417	254	130
418	255	130
419	254	130
420	243	130
421	229	130
422	212	130
423	195	130
424	179	129
425	165	130
426	154	130
427	144	130
428	136	130
429	129	130
430	124	129
431	120	130
432	117	130
433	115	130
434	113	130
435	111	130
436	111	130
437	110	130
438	111	129
439	111	130
440	113	130
441	115	130
442	117	129
443	120	130
444	124	130
445	129	130
446	134	130
447	141	129
448	148	130
449	156	130
450	165	130
451	174	130
452	183	130
453	191	130
454	197	130
455	202	130
456	204	129
457	203	130
458	200	129
459	195	129
460	189	130
461	181	130
462	174	129
463	167	129
464	159	130
465	153	130
466	147	130
467	143	130
468	138	129
469	134	130
470	131	130
471	129	130
472	127	130
473	125	130
474	125	130
475	124	129
476	125	129
477	125	129
478	126	130
479	128	130
480	130	130
481	133	130
482	136	130
483	140	130
484	144	129
485	149	130
486	154	129
487	159	130
488	165	130
489	170	130
490	175	130
491	180	129
492	182	130
493	185	130
494	186	130
495	185	130
496	183	129
497	180	130
498	177	130
499	172	130
500	168	130
501	163	130
502	159	129
503	154	129
504	150	130
505	147	130
506	143	130
507	141	130
508	138	130
509	136	130
510	135	130
511	134	129
512	134	130
513	134	130
514	135	130
515	135	130
516	137	129
517	138	129
518	141	129
519	143	130
520	146	130
521	149	130
522	153	130
523	156	129
524	159	129
525	163	130
526	165	129
527	167	129
528	169	130
529	170	130
530	171	130
531	170	130
532	170	130
533	168	130
534	166	130
535	164	130
536	161	130
537	159	129
538	154	130
539	147	130
540	140	130
541	136	130
542	134	130
543	133	130
544	133	130
545	133	130
546	134	130
547	136	129
548	137	130
549	140	130
550	143	130
551	146	130
552	150	130
553	154	130
554	158	129
555	163	129
556	167	130
557	172	130
558	176	130
559	179	130
560	182	129
561	183	130
562	182	129
563	178	130
564	173	130
565	167	130
566	162	130
567	157	130
568	153	129
569	150	129
570	146	130
571	145	129
572	143	130
573	141	130
574	140	129
575	139	130
576	138	130
577	138	130
578	137	129
579	138	130
580	139	129
581	139	130
582	141	129
583	142	130
584	144	130
585	145	130
586	145	130
587	145	130
588	145	129
589	146	130
590	146	130
591	146	130
592	145	130
593	143	130
594	143	130
595	142	130
596	142	129
597	140	130
598	140	130
599	140	130
600	140	130
601	139	130
602	141	130
603	142	130
604	144	130
605	145	130
606	147	130
607	148	130
608	149	130
609	149	130
610	150	130
611	150	130
612	151	130
613	151	130
614	152	130
615	152	130
616	152	130
617	153	130
618	152	130
619	151	129
620	151	130
621	150	130
622	149	130
623	149	129
624	149	129
625	150	129
626	151	130
627	153	130
628	155	130
629	157	130
630	159	129
631	161	130
632	163	130
633	165	130
634	166	130
635	167	130
636	168	130
637	168	130
638	168	129
639	168	130
640	168	130
641	167	130
642	167	130
643	167	130
644	167	130
645	166	130
646	166	129
647	165	129
648	164	130
649	163	130
650	163	130
651	162	129
652	161	130
653	161	129
654	160	130
655	160	130
656	160	130
657	160	130
658	160	130
659	160	130
660	160	130
661	160	130
662	160	129
663	160	130
664	159	130
665	159	130
666	158	129
667	158	130
668	157	130
669	156	130
670	155	130
671	153	130
672	152	130
673	151	129
674	149	130
675	148	130
676	147	130
677	146	130
678	145	130
679	144	130
680	143	129
681	143	130
682	142	129
683	142	130
684	142	130
685	142	130
686	142	130
687	142	130
688	143	129
689	143	130
690	143	130
691	144	130
692	145	130
693	145	130
694	146	130
695	146	130
696	147	130
697	147	130
698	147	130
699	148	130
700	148	130
701	148	129
702	148	130
703	148	129
704	147	130
705	149	130
706	149	130
707	149	130
708	149	130
709	149	130
710	149	129
711	149	130
712	149	130
713	149	129
714	149	130
715	149	130
716	149	130
717	150	130
718	150	130
719	151	130
720	151	130
721	153	130
722	154	130
723	156	130
724	159	130
725	161	129
726	165	130
727	168	130
728	170	129
729	172	129
730	172	130
731	172	129
732	171	130
733	168	130
734	165	130
735	162	130
736	158	129
737	155	130
738	150	129
739	147	130
740	143	129
741	141	130
742	139	130
743	137	130
744	137	130
745	137	129
746	138	130
747	138	130
748	140	130
749	141	129
750	143	130
751	143	130
752	143	129
753	143	130
754	143	130
755	142	130
756	141	130
757	140	130
758	140	130
759	140	130
760	141	130
761	143	129
762	144	130
763	145	129
764	146	129
765	147	129
766	146	130
767	146	130
768	146	129
769	147	129
770	148	130
771	149	130
772	151	130
773	152	130
774	154	130
775	155	130
776	155	130
777	155	130
778	154	130
779	154	130
780	154	130
781	154	130
782	154	130
783	154	130
784	153	130
785	153	129
786	153	130
787	154	130
788	154	130
789	154	129
790	155	130
791	156	130
792	157	130
793	157	130
794	158	129
795	159	130
796	159	130
797	158	130
798	159	130
799	158	130
800	158	130
801	157	130
802	156	130
803	155	130
804	154	130
805	154	130
806	153	130
807	153	129
808	153	130
809	152	130
810	153	129
811	151	130
812	152	130
813	153	130
814	152	130
815	152	130
816	152	130
817	153	130
818	152	130
819	151	130
820	151	130
821	150	130
822	149	130
823	149	130
824	149	130
825	149	130
826	149	130
827	149	130
828	149	130
829	149	129
830	149	130
831	150	130
832	150	130
833	151	130
834	151	130
835	151	130
836	152	129
837	152	130
838	152	130
839	152	130
840	152	130
841	152	130
842	152	130
843	151	130
844	151	130
845	151	129
846	151	130
847	151	130
848	151	130
849	151	129
850	151	129
851	151	130
852	152	130
853	152	130
854	152	130
855	152	129
856	152	130
857	152	130
858	152	130
859	151	130
860	151	129
861	151	130
862	150	130
863	150	130
864	150	130
865	150	130
866	150	130
867	151	130
868	151	130
869	152	130
870	152	130
871	152	130
872	153	130
873	153	130
874	153	130
875	153	130
876	152	130
877	152	130
878	152	129
879	151	130
880	151	130
881	152	130
882	152	129
883	152	130
884	152	130
885	152	130
886	153	130
887	153	130
888	153	130
889	153	129
890	153	129
891	153	130
892	153	129
893	152	130
894	152	130
895	152	129
896	151	130
897	151	130
898	151	130
899	150	130
900	150	130
901	150	130
902	150	130
903	149	130
904	149	129
905	149	130
906	149	130
907	149	130
908	149	130
909	149	130
910	149	130
911	149	130
912	149	130
913	149	129
914	149	130
915	149	130
916	149	130
917	150	129
918	150	130
919	151	130
920	150	130
921	151	130
922	151	130
923	151	130
924	151	130
925	152	130
926	152	130
927	152	130
928	152	129
929	152	130
930	152	129
931	152	130
932	152	130
933	152	130
934	152	130
935	152	130
936	152	130
937	152	130
938	151	130
939	151	130
940	151	130
941	151	130
942	151	130
943	150	130
944	150	130
945	150	130
946	149	130
947	149	129
948	149	129
949	149	130
950	150	130
951	149	130
952	150	130
953	150	130
954	150	130
955	151	130
956	151	130
957	151	130
958	152	130
959	152	130
960	152	130
961	152	130
962	152	130
963	151	130
964	152	130
965	151	130
966	151	129
967	150	129
968	149	130
969	149	129
970	148	130
971	148	130
972	147	130
973	147	129
974	147	130
975	147	130
976	147	130
977	147	129
978	147	130
979	147	130
980	147	130
981	148	130
982	148	129
983	148	130
984	149	130
985	149	130
986	149	130
987	150	129
988	150	129
989	150	130
990	150	130
991	151	130
992	151	130
993	150	130
994	151	129
995	151	130
996	151	130
997	151	130
998	151	130
999	150	130
1000	150	130
1001	150	130
1002	150	130
1003	150	130
1004	150	129
1005	149	129
1006	149	129
1007	149	130
1008	149	130
1009	149	130
1010	149	129
1011	149	130
1012	149	130
1013	149	130
1014	149	130
1015	149	130
1016	149	129
1017	149	129
1018	149	130
1019	149	130
1020	149	130
1021	149	129
1022	149	130
1023	149	130
1024	149	130
1025	149	130
1026	149	130
1027	149	129
1028	149	130
1029	149	130
1030	150	130
1031	149	130
1032	147	130
1033	146	130
1034	144	130
1035	143	130
1036	139	130
1037	134	130
1038	132	130
1039	127	129
1040	124	130
1041	119	130
1042	115	130
1043	112	129
1044	107	130
1045	103	130
1046	100	130
1047	97	129
1048	94	129
1049	92	130
1050	91	130
1051	89	130
1052	88	130
1053	88	130
1054	87	130
1055	87	130
1056	86	130
1057	86	130
1058	85	130
1059	85	130
1060	85	130
1061	85	130
1062	84	129
1063	84	130
1064	84	130
1065	84	130
1066	84	129
1067	83	130
1068	84	130
1069	83	130
1070	83	129
1071	84	130
1072	83	130
1073	83	130
1074	83	130
1075	83	130
1076	83	130
1077	83	129
1078	83	129
1079	83	130
1080	83	130
1081	83	130
1082	83	130
1083	83	130
1084	83	130
1085	83	129
1086	83	130
1087	83	130
1088	82	130
1089	82	130
1090	82	130
1091	82	130
1092	82	130
1093	82	130
1094	82	129
1095	82	130
1096	82	130
1097	83	130
1098	83	129
1099	82	130
1100	82	130
1101	82	130
1102	82	130
1103	82	130
1104	82	130
1105	82	130
1106	82	129
1107	82	130
1108	82	130
1109	82	130
1110	82	130
1111	82	130
1112	82	130
1113	82	130
1114	82	130
1115	82	129
1116	82	129
1117	82	130
1118	82	130
1119	82	130
1120	82	130
1121	82	129
1122	82	130
1123	82	130
1124	82	130
1125	82	130
1126	82	130
1127	82	129
1128	82	130
1129	82	130
1130	82	130
1131	82	130
1132	82	130
1133	82	130
1134	82	130
1135	81	130
1136	83	130
1137	82	130
1138	82	130
1139	82	130
1140	82	130
1141	82	130
1142	82	130
1143	82	129
1144	82	130
1145	82	130
1146	82	129
1147	82	130
1148	82	130
1149	82	130
1150	82	130
1151	82	130
1152	82	130
1153	82	130
1154	82	130
1155	82	130
1156	82	130
1157	82	130
1158	82	130
1159	82	130
1160	82	130
1161	82	130
1162	82	129
1163	82	129
1164	82	130
1165	82	129
1166	82	130
1167	82	130
1168	82	130
1169	82	130
1170	82	130
1171	82	130
1172	82	130
1173	83	130
1174	82	130
1175	82	130
1176	82	130
1177	82	130
1178	82	130
1179	82	130
1180	82	130
1181	82	129
1182	82	130
1183	82	130
1184	82	130
1185	82	129
1186	82	130
1187	82	130
1188	82	130
1189	82	130
1190	82	130
1191	82	130
1192	82	130
1193	82	130
1194	82	130
1195	82	130
1196	82	130
1197	82	130
1198	82	130
1199	82	130
1200	82	130
1201	82	130
1202	82	130
1203	82	130
1204	82	130
1205	82	130
1206	82	130
1207	82	130
1208	82	130
1209	82	130
1210	82	130
1211	82	130
1212	82	130
1213	82	130
1214	82	130
1215	82	130
1216	82	129
1217	82	130
1218	82	130
1219	82	130
1220	82	130
1221	82	130
1222	82	129
1223	82	130
1224	82	130
1225	82	130
1226	82	130
1227	82	130
1228	82	130
1229	82	130
1230	82	130
1231	82	130
1232	82	130
1233	82	130
1234	82	130
1235	82	130
1236	82	130
1237	82	130
1238	82	130
1239	82	130
1240	82	130
1241	83	130
1242	81	130
1243	83	130
1244	83	130
1245	82	130
1246	82	130
1247	82	130
1248	82	130
1249	82	129
1250	82	129
1251	82	130
1252	82	130
1253	82	129
1254	82	130
1255	82	130
1256	82	130
1257	82	130
1258	82	130
1259	82	130
1260	82	130
1261	82	130
1262	82	130
1263	82	130
1264	82	130
1265	82	130
1266	82	130
1267	82	130
1268	82	130
1269	82	129
1270	82	130
1271	82	130
1272	82	130
1273	82	130
1274	82	130
1275	82	130
1276	82	130
1277	82	130
1278	82	130
1279	82	130
1280	82	130
1281	82	130
1282	82	130
1283	82	130
1284	82	130
1285	82	130
1286	82	130
1287	82	130
1288	82	130
1289	82	129
1290	82	130
1291	82	130
1292	82	130
1293	82	130
1294	82	130
1295	82	129
1296	82	130
1297	82	130
1298	81	130
1299	81	130
1300	81	130
1301	81	130
1302	82	130
1303	82	130
1304	82	130
1305	83	130
1306	83	130
1307	83	130
1308	83	129
1309	84	130
1310	83	130
1311	83	130
1312	83	130
1313	83	130
1314	83	130
1315	83	129
1316	83	130
1317	83	130
1318	83	130
1319	83	130
1320	83	129
1321	83	130
1322	83	129
1323	83	130
1324	83	130
1325	83	130
1326	83	130
1327	83	130
1328	82	130
1329	83	130
1330	82	130
1331	82	130
1332	82	130
1333	82	130
1334	82	130
1335	82	130
1336	82	130
1337	82	130
1338	82	130
1339	82	130
1340	82	130
1341	82	130
1342	82	130
1343	81	130
1344	82	130
1345	82	130
1346	82	130
1347	82	130
1348	82	130
1349	81	130
1350	83	129
1351	82	130
1352	82	130
1353	82	130
1354	82	130
1355	82	130
1356	82	130
1357	82	129
1358	83	130
1359	82	130
1360	82	130
1361	82	130
1362	83	130
1363	82	130
1364	82	130
1365	82	130
1366	82	129
1367	82	130
1368	82	130
1369	82	130
1370	82	130
1371	82	130
1372	82	130
1373	83	130
1374	82	130
1375	83	130
1376	83	130
1377	82	130
1378	82	130
1379	82	130
1380	82	130
1381	83	130
1382	82	130
1383	83	130
1384	82	129
1385	82	130
1386	82	130
1387	82	130
1388	82	130
1389	83	130
1390	82	130
1391	82	130
1392	82	130
1393	82	130
1394	82	130
1395	82	130
1396	82	129
1397	82	130
1398	82	130
1399	82	129
1400	82	130
1401	82	130
1402	82	130
1403	82	130
1404	82	130
1405	82	130
1406	82	130
1407	82	129
1408	82	130
1409	82	130
1410	82	130
1411	82	130
1412	82	129
1413	82	130
1414	82	130
1415	82	130
1416	82	130
1417	82	129
1418	82	129
1419	82	129
1420	82	129
1421	82	130
1422	82	130
1423	83	130
1424	83	130
1425	83	130
1426	85	130
1427	88	129
1428	102	130
1429	216	130
1430	255	130
1431	255	130
1432	255	130
1433	255	130
1434	192	130
1435	199	130
1436	149	130
1437	124	129
1438	131	130
1439	107	130
1440	102	130
1441	103	130
1442	99	129
1443	95	130
1444	93	130
1445	92	130
1446	91	130
1447	90	130
1448	90	130
1449	90	129
1450	89	129
1451	89	130
1452	89	129
1453	89	130
1454	90	130
1455	91	129
1456	93	130
1457	97	130
1458	102	130
1459	106	130
1460	113	130
1461	124	130
1462	136	130
1463	151	130
1464	172	130
1465	194	130
1466	219	130
1467	241	130
1468	255	130
1469	255	130
1470	255	130
1471	253	130
1472	235	130
1473	215	130
1474	195	130
1475	177	130
1476	162	130
1477	148	130
1478	138	130
1479	130	130
1480	123	130
1481	118	130
1482	114	130
1483	111	130
1484	108	130
1485	107	130
1486	106	130
1487	105	129
1488	104	130
1489	105	130
1490	105	130
1491	107	130
1492	109	130
1493	111	130
1494	114	129
1495	119	130
1496	124	130
1497	131	130
1498	138	130
1499	147	130
1500	156	130
1501	167	130
1502	178	130
1503	189	130
1504	198	130
1505	205	130
1506	208	130
1507	208	130
1508	204	130
1509	198	130
1510	190	130
1511	181	129
1512	171	130
1513	162	130
1514	154	129
1515	146	130
1516	140	130
1517	135	130
1518	130	130
1519	127	130
1520	123	130
1521	121	130
1522	120	130
1523	119	130
1524	118	130
1525	118	130
1526	118	129
1527	119	130
1528	121	130
1529	123	130
1530	125	130
1531	129	130
1532	133	130
1533	137	130
1534	142	130
1535	147	130
1536	153	130
1537	160	130
1538	166	130
1539	172	130
1540	177	130
1541	181	130
1542	184	130
1543	185	130
1544	184	130
1545	182	130
1546	179	130
1547	174	130
1548	169	130
1549	163	130
1550	158	130
1551	153	130
1552	148	130
1553	144	130
1554	140	130
1555	136	130
1556	134	130
1557	132	130
1558	129	130
1559	129	130
1560	128	130
1561	127	130
1562	127	130
1563	128	130
1564	129	130
1565	131	130
1566	132	130
1567	134	130
1568	137	130
1569	140	130
1570	143	130
1571	147	130
1572	151	130
1573	154	130
1574	159	129
1575	162	130
1576	165	130
1577	168	130
1578	169	129
1579	170	129
1580	171	130
1581	170	129
1582	168	130
1583	166	130
1584	163	130
1585	160	129
1586	156	130
1587	153	129
1588	150	129
1589	147	130
1590	145	129
1591	142	129
1592	140	129
1593	138	130
1594	136	130
1595	135	130
1596	135	129
1597	135	130
1598	134	129
1599	135	129
1600	135	129
1601	136	130
1602	137	129
1603	139	130
1604	141	130
1605	143	130
1606	145	129
1607	149	130
1608	151	130
1609	153	130
1610	155	130
1611	158	130
1612	159	130
1613	161	130
1614	162	130
1615	163	130
1616	163	130
1617	162	130
1618	161	130
1619	160	130
1620	158	130
1621	156	130
1622	155	130
1623	153	130
1624	151	130
1625	149	129
1626	147	129
1627	145	129
1628	144	130
1629	143	129
1630	142	130
1631	141	130
1632	141	130
1633	141	129
1634	141	130
1635	141	129
1636	142	130
1637	143	130
1638	144	130
1639	145	130
1640	146	130
1641	148	130
1642	149	129
1643	151	129
1644	153	130
1645	155	130
1646	155	130
1647	157	130
1648	158	129
1649	158	130
1650	158	130
1651	158	130
1652	158	130
1653	158	130
1654	157	130
1655	156	130
1656	155	130
1657	153	129
1658	152	130
1659	151	130
1660	150	130
1661	149	130
1662	148	130
1663	147	130
1664	146	129
1665	146	130
1666	145	130
1667	145	130
1668	145	130
1669	145	130
1670	145	130
1671	146	130
1672	147	130
1673	146	130
1674	148	130
1675	149	130
1676	149	130
1677	151	130
1678	151	130
1679	152	130
1680	153	130
1681	154	130
1682	155	130
1683	155	130
1684	156	130
1685	157	130
1686	157	130
1687	157	130
1688	157	130
1689	157	129
1690	157	130
1691	156	130
1692	155	130
1693	155	130
1694	154	130
1695	153	130
1696	152	130
1697	151	130
1698	151	130
1699	150	130
1700	150	130
1701	149	130
1702	149	130
1703	149	130
1704	148	130
1705	148	130
1706	149	130
1707	149	130
1708	149	130
1709	149	130
1710	150	130
1711	150	130
1712	151	130
1713	151	130
1714	152	130
1715	152	130
1716	153	130
1717	153	130
1718	153	130
1719	153	130
1720	153	130
1721	153	130
1722	153	130
1723	153	130
1724	153	130
1725	153	130
1726	152	130
1727	152	130
1728	152	129
1729	151	130
1730	151	129
1731	151	130
1732	151	129
1733	151	130
1734	151	130
1735	151	130
1736	151	130
1737	151	130
1738	151	129
1739	152	130
1740	151	130
1741	152	130
1742	152	130
1743	153	130
1744	153	129
1745	154	130
1746	154	130
1747	154	130
1748	155	129
1749	155	130
1750	154	130
1751	154	130
1752	155	130
1753	154	130
1754	154	130
1755	154	129
1756	154	130
1757	153	130
1758	153	130
1759	152	130
1760	151	130
1761	151	130
1762	151	130
1763	150	130
1764	150	130
1765	150	130
1766	150	130
1767	151	130
1768	151	130
1769	151	130
1770	152	130
1771	153	129
1772	154	130
1773	155	130
1774	156	130
1775	158	130
1776	159	129
1777	161	130
1778	162	130
1779	164	130
1780	166	130
1781	168	130
1782	170	129
1783	171	130
1784	171	130
1785	171	130
1786	171	130
1787	171	130
1788	169	130
1789	168	130
1790	166	130
1791	163	130
1792	161	130
1793	158	129
1794	155	130
1795	152	130
1796	150	130
1797	148	130
1798	146	130
1799	145	130
1800	143	130
1801	143	130
1802	142	130
1803	142	130
1804	142	130
1805	143	130
1806	143	130
1807	145	130
1808	146	130
1809	147	130
1810	149	130
1811	151	130
1812	153	130
1813	154	130
1814	156	130
1815	157	130
1816	158	130
1817	159	130
1818	160	130
1819	160	130
1820	160	130
1821	161	129
1822	161	130
1823	161	130
1824	160	130
1825	160	130
1826	160	130
1827	160	130
1828	159	130
1829	158	130
1830	156	130
1831	154	130
1832	152	130
1833	151	130
1834	149	130
1835	147	130
1836	145	130
1837	143	130
1838	143	130
1839	143	130
1840	144	130
1841	145	130
1842	146	130
1843	148	130
1844	150	129
1845	150	130
1846	151	130
1847	152	130
1848	152	130
1849	152	130
1850	152	130
1851	151	130
1852	151	130
1853	149	130
1854	148	129
1855	146	129
1856	145	130
1857	143	130
1858	142	130
1859	142	130
1860	142	130
1861	143	130
1862	144	129
1863	144	130
1864	144	130
1865	144	130
1866	144	130
1867	143	130
1868	142	130
1869	142	130
1870	143	130
1871	143	130
1872	145	130
1873	147	130
1874	148	130
1875	149	130
1876	149	130
1877	148	130
1878	149	130
1879	149	130
1880	149	130
1881	149	130
1882	150	130
1883	150	130
1884	151	130
1885	152	129
1886	154	129
1887	155	129
1888	155	130
1889	158	130
1890	157	130
1891	157	130
1892	158	130
1893	157	130
1894	156	130
1895	157	130
1896	157	130
1897	158	130
1898	158	130
1899	159	130
1900	160	130
1901	161	130
1902	161	130
1903	161	130
1904	161	130
1905	162	130
1906	162	130
1907	161	130
1908	162	130
1909	162	130
1910	162	130
1911	162	130
1912	162	130
1913	162	130
1914	162	130
1915	163	130
1916	163	129
1917	164	130
1918	165	129
1919	165	130
1920	166	130
1921	167	130
1922	168	130
1923	168	130
1924	168	130
1925	168	130
1926	168	130
1927	167	130
1928	167	130
1929	165	130
1930	164	130
1931	163	130
1932	161	130
1933	160	130
1934	158	130
1935	156	130
1936	155	130
1937	152	130
1938	151	130
1939	149	130
1940	146	130
1941	145	130
1942	143	130
1943	143	130
1944	141	130
1945	141	130
1946	141	130
1947	141	130
1948	141	130
1949	142	130
1950	143	130
1951	144	130
1952	145	130
1953	147	130
1954	148	130
1955	149	129
1956	151	130
1957	152	130
1958	153	129
1959	155	129
1960	155	130
1961	155	130
1962	155	130
1963	155	130
1964	155	130
1965	154	130
1966	153	130
1967	151	130
1968	149	129
1969	147	130
1970	146	130
1971	145	129
1972	143	130
1973	142	130
1974	141	130
1975	140	130
1976	139	130
1977	139	130
1978	139	130
1979	139	130
1980	138	130
1981	139	130
1982	139	130
1983	139	130
1984	140	130
1985	141	130
1986	142	130
1987	142	130
1988	143	130
1989	144	130
1990	145	130
1991	146	130
1992	147	130
1993	148	130
1994	148	130
1995	148	130
1996	149	129
1997	148	130
1998	148	130
1999	148	130
2000	147	130
2001	147	130
2002	145	130
2003	145	130
2004	145	130
2005	145	129
2006	145	130
2007	145	130
2008	146	130
2009	147	130
2010	149	130
2011	152	130
2012	155	130
2013	159	130
2014	165	130
2015	171	130
2016	177	129
2017	183	130
2018	187	130
2019	189	130
2020	188	130
2021	185	129
2022	181	130
2023	174	130
2024	167	130
2025	161	130
2026	155	130
2027	151	130
2028	148	129
2029	144	130
2030	142	130
2031	140	129
2032	139	130
2033	137	130
2034	137	130
2035	138	130
2036	139	130
2037	139	130
2038	141	130
2039	141	130
2040	142	130
2041	142	129
2042	142	130
2043	142	130
2044	143	129
2045	144	130
2046	144	130
2047	145	130
2048	145	130
2049	145	129
2050	145	130
2051	145	130
2052	146	130
2053	147	130
2054	147	129
2055	147	130
2056	147	129
2057	147	130
2058	147	130
2059	147	130
2060	148	130
2061	149	130
2062	150	130
2063	152	130
2064	153	130
2065	154	130
2066	155	130
2067	155	130
2068	154	130
2069	153	130
2070	152	130
2071	151	130
2072	151	130
2073	151	130
2074	151	130
2075	151	130
2076	153	130
2077	152	129
2078	154	130
2079	155	129
2080	156	130
2081	156	130
2082	155	130
2083	154	130
2084	151	130
2085	150	130
2086	147	130
2087	143	130
2088	141	130
2089	137	130
2090	133	130
2091	131	130
2092	125	130
2093	122	130
2094	119	130
2095	113	130
2096	109	129
2097	106	130
2098	101	130
2099	99	130
2100	96	130
2101	94	130
2102	92	130
2103	91	130
2104	89	129
2105	89	130
2106	89	130
2107	87	130
2108	87	130
2109	87	130
2110	86	130
2111	86	130
2112	85	130
2113	85	130
2114	84	130
2115	84	130
2116	84	130
2117	84	130
2118	84	130
2119	84	130
2120	84	130
2121	84	129
2122	84	130
2123	84	130
2124	83	130
2125	83	130
2126	83	130
2127	83	130
2128	83	130
2129	83	130
2130	83	129
2131	83	130
2132	83	130
2133	83	130
2134	83	130
2135	83	130
2136	83	130
2137	83	130
2138	83	130
2139	83	130
2140	83	130
2141	83	130
2142	83	130
2143	83	130
2144	83	130
2145	83	130
2146	83	130
2147	83	129
2148	83	130
2149	83	130
2150	83	130
2151	83	130
2152	82	130
2153	82	130
2154	82	130
2155	82	129
2156	82	130
2157	82	130
2158	82	130
2159	82	130
2160	82	130
2161	82	130
2162	82	129
2163	82	129
2164	82	130
2165	82	130
2166	82	130
2167	82	129
2168	82	130
2169	82	130
2170	82	129
2171	82	130
2172	82	130
2173	82	130
2174	82	130
2175	82	130
2176	82	130
2177	82	130
2178	82	130
2179	82	129
2180	82	130
2181	82	130
2182	82	130
2183	82	129
2184	82	130
2185	82	129
2186	82	130
2187	82	130
2188	82	130
2189	82	130
2190	82	130
2191	82	130
2192	82	130
2193	82	130
2194	82	129
2195	82	130
2196	82	130
2197	82	130
2198	82	130
2199	82	130
2200	82	130
2201	82	130
2202	82	130
2203	82	130
2204	82	130
2205	82	130
2206	82	129
2207	82	130
2208	82	130
2209	82	130
2210	82	130
2211	82	129
2212	83	130
2213	82	129
2214	82	130
2215	82	130
2216	82	130
2217	82	130
2218	83	130
2219	82	130
2220	82	130
2221	82	130
2222	82	130
2223	82	130
2224	82	130
2225	82	130
2226	82	130
2227	82	130
2228	82	130
2229	82	129
2230	82	130
2231	82	130
2232	82	129
2233	82	130
2234	82	130
2235	82	130
2236	82	130
2237	82	130
2238	82	130
2239	82	130
2240	82	130
2241	82	130
2242	82	130
2243	82	129
2244	82	130
2245	83	129
2246	82	130
2247	82	130
2248	82	130
2249	83	130
2250	82	130
2251	82	130
2252	82	130
2253	82	130
2254	82	130
2255	82	130
2256	82	130
2257	82	130
2258	82	130
2259	82	130
2260	82	130
2261	82	130
2262	82	130
2263	82	129
2264	82	130
2265	82	130
2266	82	129
2267	82	130
2268	82	130
2269	82	130
2270	82	130
2271	82	130
2272	82	130
2273	82	130
2274	82	130
2275	82	130
2276	82	130
2277	82	130
2278	82	129
2279	82	130
2280	82	130
2281	82	130
2282	82	130
2283	82	130
2284	82	129
2285	82	130
2286	82	130
2287	82	130
2288	82	130
2289	82	130
2290	82	130
2291	82	130
2292	82	130
2293	82	130
2294	82	130
2295	82	130
2296	82	130
2297	82	130
2298	82	129
2299	82	129
2300	82	130
2301	82	130
2302	82	130
2303	82	130
2304	82	129
2305	82	130
2306	82	130
2307	82	130
2308	82	130
2309	82	130
2310	82	130
2311	82	130
2312	82	130
2313	82	130
2314	82	130
2315	82	130
2316	82	130
2317	82	130
2318	82	130
2319	81	130
2320	84	130
2321	81	130
2322	81	130
2323	83	130
2324	82	130
2325	82	130
2326	83	129
2327	82	130
2328	82	130
2329	82	130
2330	82	130
2331	82	130
2332	82	130
2333	82	130
2334	82	130
2335	82	130
2336	82	130
2337	82	130
2338	82	130
2339	82	130
2340	82	130
2341	82	130
2342	82	130
2343	82	130
2344	82	130
2345	82	130
2346	82	130
2347	82	130
2348	82	129
2349	81	129
2350	81	130
2351	82	129
2352	81	130
2353	82	130
2354	83	130
2355	83	130
2356	83	130
2357	84	130
2358	83	130
2359	84	130
2360	83	130
2361	83	130
2362	83	130
2363	83	130
2364	83	129
2365	84	130
2366	83	130
2367	83	130
2368	83	130
2369	83	130
2370	83	130
2371	83	130
2372	83	130
2373	83	130
2374	83	130
2375	83	130
2376	83	130
2377	82	130
2378	83	130
2379	82	130
2380	82	130
2381	82	130
2382	82	130
2383	82	130
2384	82	130
2385	82	130
2386	82	130
2387	82	130
2388	82	130
2389	82	130
2390	82	130
2391	82	130
2392	81	130
2393	82	130
2394	82	130
2395	82	130
2396	82	130
2397	82	130
2398	82	130
2399	82	129
2400	82	130
2401	82	130
2402	82	130
2403	82	130
2404	82	130
2405	82	130
2406	82	130
2407	82	130
2408	82	130
2409	82	130
2410	82	130
2411	82	130
2412	82	130
2413	82	129
2414	82	130
2415	82	130
2416	82	130
2417	82	130
2418	82	130
2419	82	130
2420	82	130
2421	82	130
2422	82	130
2423	82	129
2424	82	130
2425	82	129
2426	82	130
2427	83	129
2428	81	129
2429	82	130
2430	83	130
2431	83	130
2432	82	129
2433	82	130
2434	83	130
2435	82	130
2436	82	130
2437	82	130
2438	82	130
2439	82	130
2440	82	130
2441	82	130
2442	82	129
2443	82	130
2444	82	130
2445	82	130
2446	82	130
2447	82	130
2448	82	130
2449	82	130
2450	82	130
2451	82	130
2452	82	130
2453	82	130
2454	82	130
2455	82	130
2456	82	130
2457	82	130
2458	82	130
2459	83	130
2460	82	130
2461	82	130
2462	83	130
2463	82	130
2464	82	130
2465	82	130
2466	82	130
2467	82	130
2468	82	130
2469	83	130
2470	83	130
2471	83	130
2472	83	130
2473	84	129
2474	85	130
2475	88	130
2476	97	130
2477	201	130
2478	255	130
2479	255	130
2480	255	130
2481	205	130
2482	222	130
2483	169	130
2484	159	130
2485	160	130
2486	132	130
2487	143	130
2488	133	130
2489	128	130
2490	135	130
2491	127	129
2492	129	130
2493	131	130
2494	128	129
2495	133	130
2496	133	130
2497	135	130
2498	138	130
2499	139	130
2500	142	130
2501	145	130
2502	146	130
2503	149	130
2504	151	130
2505	152	130
2506	153	130
2507	154	130
2508	155	130
2509	155	130
2510	155	130
2511	154	130
2512	154	130
2513	153	130
2514	151	130
2515	151	130
2516	149	130
2517	148	129
2518	147	130
2519	145	130
2520	145	130
2521	143	130
2522	143	129
2523	143	130
2524	143	129
2525	143	130
2526	143	130
2527	144	130
2528	145	129
2529	146	130
2530	148	130
2531	149	130
2532	150	130
2533	152	130
2534	153	130
2535	153	129
2536	154	130
2537	156	130
2538	156	130
2539	157	130
2540	158	130
2541	158	130
2542	159	130
2543	159	130
2544	159	130
2545	159	130
2546	159	130
2547	159	130
2548	158	130
2549	158	130
2550	157	130
2551	156	130
2552	156	129
2553	155	130
2554	154	130
2555	153	130
2556	151	130
2557	151	130
2558	150	129
2559	149	129
2560	148	130
2561	147	130
2562	147	130
2563	147	130
2564	147	130
2565	147	130
2566	146	130
2567	147	130
2568	147	130
2569	147	129
2570	148	130
2571	149	130
2572	149	130
2573	150	130
2574	151	130
2575	151	130
2576	152	130
2577	152	130
2578	153	130
2579	153	130
2580	153	130
2581	154	130
2582	153	129
2583	153	130
2584	153	129
2585	152	130
2586	151	130
2587	151	130
2588	150	130
2589	150	130
2590	149	130
2591	148	130
2592	148	130
2593	147	130
2594	147	130
2595	146	130
2596	146	130
2597	145	130
2598	145	130
2599	145	129
2600	145	129
2601	146	130
2602	146	130
2603	146	130
2604	147	130
2605	147	130
2606	148	130
2607	148	130
2608	149	130
2609	150	130
2610	150	130
2611	151	130
2612	151	130
2613	151	129
2614	152	130
2615	152	130
2616	152	130
2617	152	129
2618	152	130
2619	152	130
2620	152	130
2621	152	129
2622	151	130
2623	151	130
2624	150	130
2625	150	130
2626	150	130
2627	149	130
2628	148	130
2629	148	130
2630	147	130
2631	147	130
2632	147	130
2633	146	130
2634	146	130
2635	146	129
2636	146	130
2637	146	130
2638	147	130
2639	146	130
2640	147	130
2641	147	130
2642	147	130
2643	147	130
2644	148	130
2645	148	130
2646	148	130
2647	148	130
2648	149	130
2649	149	130
2650	149	130
2651	149	130
2652	149	130
2653	149	130
2654	149	130
2655	149	130
2656	149	130
2657	149	130
2658	149	130
2659	149	130
2660	149	130
2661	149	130
2662	149	129
2663	148	130
2664	148	130
2665	148	130
2666	148	130
2667	148	130
2668	147	130
2669	147	130
2670	147	130
2671	147	130
2672	147	130
2673	147	130
2674	147	130
2675	147	130
2676	147	130
2677	147	130
2678	147	130
2679	147	129
2680	147	130
2681	147	129
2682	147	130
2683	147	130
2684	147	129
2685	147	129
2686	147	130
2687	147	130
2688	147	130
2689	147	130
2690	147	130
2691	147	130
2692	147	130
2693	148	130
2694	148	130
2695	148	130
2696	148	130
2697	148	130
2698	148	130
2699	148	130
2700	148	130
2701	148	130
2702	148	130
2703	148	130
2704	148	130
2705	148	130
2706	148	130
2707	148	130
2708	147	130
2709	147	130
2710	147	130
2711	147	130
2712	147	130
2713	147	130
2714	147	130
2715	147	130
2716	147	130
2717	148	130
2718	148	130
2719	148	130
2720	148	129
2721	148	130
2722	148	130
2723	149	130
2724	148	130
2725	148	129
2726	149	130
2727	149	129
2728	148	130
2729	148	130
2730	148	130
2731	147	130
2732	147	130
2733	147	130
2734	147	130
2735	147	129
2736	147	129
2737	146	129
2738	146	130
2739	146	129
2740	146	130
2741	146	130
2742	146	130
2743	146	130
2744	146	129
2745	146	129
2746	146	130
2747	146	129
2748	146	130
2749	147	129
2750	146	129
2751	148	130
2752	147	130
2753	147	130
2754	148	130
2755	148	129
2756	148	130
2757	149	129
2758	149	130
2759	149	130
2760	149	130
2761	149	129
2762	149	130
2763	149	130
2764	149	130
2765	150	130
2766	149	130
2767	149	130
2768	149	130
2769	149	130
2770	149	130
2771	149	130
2772	148	130
2773	148	130
2774	147	130
2775	147	130
2776	147	129
2777	147	130
2778	147	130
2779	146	130
2780	146	130
2781	146	130
2782	146	130
2783	146	130
2784	147	130
2785	147	130
2786	147	130
2787	147	130
2788	148	130
2789	148	129
2790	148	130
2791	149	130
2792	149	130
2793	149	130
2794	149	130
2795	149	130
2796	149	129
2797	149	130
2798	149	130
2799	150	130
2800	149	129
2801	150	130
2802	150	130
2803	150	130
2804	151	130
2805	151	130
2806	152	130
2807	152	130
2808	153	130
2809	153	130
2810	154	129
2811	154	130
2812	155	130
2813	155	130
2814	154	130
2815	155	130
2816	154	130
2817	154	130
2818	154	129
2819	154	130
2820	154	130
2821	153	130
2822	153	129
2823	152	130
2824	152	130
2825	151	130
2826	151	130
2827	151	130
2828	150	130
2829	150	130
2830	150	130
2831	150	130
2832	149	130
2833	149	130
2834	149	130
2835	149	130
2836	149	130
2837	149	130
2838	149	130
2839	150	130
2840	150	130
2841	151	130
2842	151	130
2843	151	130
2844	152	130
2845	152	130
2846	152	130
2847	153	130
2848	153	129
2849	154	130
2850	154	130
2851	154	129
2852	155	130
2853	155	130
2854	155	129
2855	155	129
2856	155	130
2857	155	129
2858	155	130
2859	155	130
2860	153	130
2861	154	130
2862	154	129
2863	153	130
2864	152	130
2865	153	130
2866	152	130
2867	152	130
2868	151	130
2869	152	130
2870	151	130
2871	151	130
2872	151	130
2873	151	130
2874	151	130
2875	151	130
2876	151	130
2877	151	130
2878	151	130
2879	151	130
2880	151	130
2881	151	130
2882	151	130
2883	151	130
2884	151	129
2885	151	130
2886	151	130
2887	151	130
2888	152	130
2889	151	130
2890	152	130
2891	151	130
2892	152	130
2893	151	130
2894	152	129
2895	151	130
2896	152	129
2897	152	130
2898	153	130
2899	152	130
2900	153	130
2901	153	130
2902	153	129
2903	153	130
2904	153	130
2905	153	130
2906	153	130
2907	154	130
2908	154	130
2909	154	130
2910	154	130
2911	154	130
2912	154	130
2913	154	130
2914	153	129
2915	153	130
2916	153	129
2917	153	130
2918	152	130
2919	152	129
2920	152	130
2921	152	130
2922	152	130
2923	152	130
2924	152	130
2925	152	130
2926	152	130
2927	152	130
2928	152	130
2929	152	130
2930	152	130
2931	152	130
2932	152	130
2933	152	130
2934	152	130
2935	151	130
2936	151	130
2937	151	130
2938	151	130
2939	150	129
2940	150	130
2941	150	130
2942	150	129
2943	150	130
2944	149	130
2945	149	130
2946	149	130
2947	149	129
2948	150	130
2949	150	130
2950	150	130
2951	151	130
2952	151	130
2953	152	129
2954	152	130
2955	153	130
2956	154	130
2957	154	130
2958	155	130
2959	156	129
2960	156	130
2961	157	130
2962	157	130
2963	157	130
2964	157	130
2965	155	130
2966	155	130
2967	153	130
2968	152	130
2969	150	130
2970	149	130
2971	147	130
2972	145	130
2973	145	130
2974	144	130
2975	144	130
2976	144	130
2977	145	130
2978	145	130
2979	146	130
2980	147	129
2981	148	130
2982	150	130
2983	151	130
2984	152	130
2985	153	130
2986	154	130
2987	155	130
2988	155	130
2989	155	130
2990	156	130
2991	157	130
2992	157	130
2993	158	130
2994	159	130
2995	159	130
2996	159	130
2997	159	130
2998	160	130
2999	159	130
3000	159	130
3001	159	129
3002	158	130
3003	157	130
3004	157	130
3005	156	130
3006	155	130
3007	154	130
3008	153	130
3009	152	130
3010	151	130
3011	150	130
3012	149	129
3013	148	130
3014	148	130
3015	147	130
3016	147	129
3017	147	130
3018	148	130
3019	148	130
3020	149	130
3021	150	130
3022	151	130
3023	152	130
3024	154	130
3025	155	130
3026	157	130
3027	159	130
3028	161	130
3029	162	130
3030	164	130
3031	165	130
3032	166	130
3033	166	130
3034	167	130
3035	166	130
3036	166	130
3037	167	130
3038	168	130
3039	169	130
3040	170	130
3041	171	129
3042	172	130
3043	173	130
3044	173	130
3045	173	130
3046	171	130
3047	170	129
3048	168	130
3049	165	130
3050	163	130
3051	160	130
3052	156	130
3053	154	130
3054	151	130
3055	149	130
3056	146	130
3057	144	129
3058	143	130
3059	141	130
3060	140	130
3061	140	130
3062	139	130
3063	140	129
3064	140	130
3065	141	130
3066	142	130
3067	143	130
3068	145	129
3069	146	130
3070	149	130
3071	150	130
3072	152	130
3073	155	130
3074	156	130
3075	158	130
3076	161	130
3077	161	130
3078	162	130
3079	163	130
3080	163	130
3081	163	130
3082	162	130
3083	161	130
3084	160	130
3085	158	130
3086	157	130
3087	155	130
3088	153	130
3089	152	130
3090	150	130
3091	149	130
3092	147	130
3093	147	130
3094	146	130
3095	146	130
3096	146	130
3097	146	130
3098	147	130
3099	147	130
3100	149	130
3101	150	130
3102	152	130
3103	153	129
3104	155	129
3105	157	129
3106	159	130
3107	160	130
3108	162	130
3109	163	130
3110	164	130
3111	165	130
3112	165	129
3113	165	130
3114	165	129
3115	163	130
3116	162	130
3117	161	130
3118	158	129
3119	157	130
3120	154	130
3121	153	130
3122	151	130
3123	150	130
3124	150	130
3125	150	130
3126	151	130
3127	153	130
3128	155	130
3129	158	130
3130	161	130
3131	164	130
3132	167	130
3133	169	130
3134	170	130
3135	169	130
3136	167	130
3137	163	129
3138	157	130
3139	153	130
3140	146	130
3141	141	129
3142	135	130
3143	129	130
3144	126	130
3145	119	129
3146	115	130
3147	111	130
3148	106	130
3149	103	130
3150	100	130
3151	97	130
3152	95	129
3153	93	130
3154	92	130
3155	91	129
3156	89	130
3157	89	130
3158	88	130
3159	88	130
3160	87	130
3161	87	130
3162	86	130
3163	86	130
3164	85	130
3165	85	130
3166	85	130
3167	85	130
3168	84	130
3169	84	130
3170	84	130
3171	84	130
3172	84	130
3173	84	130
3174	84	130
3175	83	130
3176	83	130
3177	83	130
3178	83	130
3179	83	130
3180	83	130
3181	83	130
3182	84	130
3183	83	130
3184	83	130
3185	83	130
3186	83	130
3187	83	130
3188	83	130
3189	82	130
3190	83	130
3191	83	129
3192	83	130
3193	83	130
3194	83	130
3195	83	129
3196	83	130
3197	83	130
3198	83	130
3199	83	130
3200	83	130
3201	82	130
3202	83	130
3203	83	130
3204	83	130
3205	83	130
3206	82	130
3207	82	130
3208	83	130
3209	83	130
3210	82	130
3211	82	130
3212	83	130
3213	82	130
3214	82	130
3215	83	130
3216	82	130
3217	82	130
3218	82	130
3219	82	130
3220	82	130
3221	82	130
3222	83	130
3223	82	130
3224	82	130
3225	82	130
3226	82	129
3227	82	130
3228	82	130
3229	82	130
3230	82	130
3231	82	130
3232	82	130
3233	82	130
3234	82	130
3235	82	130
3236	82	129
3237	82	130
3238	82	130
3239	82	130
3240	82	130
3241	82	130
3242	82	130
3243	82	130
3244	82	130
3245	82	130
3246	82	130
3247	82	130
3248	82	130
3249	82	130
3250	82	130
3251	82	130
3252	82	130
3253	82	130
3254	82	130
3255	82	130
3256	82	130
3257	83	130
3258	82	129
3259	82	130
3260	82	130
3261	82	130
3262	82	130
3263	82	130
3264	82	130
3265	82	130
3266	82	130
3267	82	129
3268	82	130
3269	82	130
3270	82	130
3271	82	130
3272	82	130
3273	82	130
3274	82	130
3275	82	130
3276	82	130
3277	82	130
3278	82	130
3279	82	130
3280	82	130
3281	82	130
3282	82	130
3283	82	130
3284	82	130
3285	82	130
3286	82	130
3287	82	130
3288	83	129
3289	81	130
3290	83	130
3291	81	130
3292	81	130
3293	83	129
3294	82	130
3295	82	130
3296	82	130
3297	82	130
3298	82	130
3299	82	130
3300	82	130
3301	82	130
3302	82	130
3303	82	130
3304	82	130
3305	82	130
3306	82	130
3307	82	130
3308	82	130
3309	82	130
3310	82	129
3311	83	130
3312	82	129
3313	82	130
3314	82	129
3315	82	130
3316	82	130
3317	82	129
3318	82	129
3319	82	130
3320	82	130
3321	83	129
3322	82	130
3323	82	130
3324	82	130
3325	82	130
3326	82	130
3327	82	130
3328	81	129
3329	83	130
3330	82	130
3331	82	130
3332	82	130
3333	82	129
3334	82	130
3335	82	130
3336	82	129
3337	82	130
3338	82	130
3339	82	130
3340	82	130
3341	82	130
3342	82	129
3343	82	130
3344	82	130
3345	82	129
3346	82	130
3347	82	130
3348	82	130
3349	82	130
3350	82	130
3351	82	130
3352	82	130
3353	82	130
3354	82	130
3355	82	130
3356	82	130
3357	82	130
3358	82	130
3359	82	130
3360	82	130
3361	82	130
3362	82	130
3363	82	130
3364	82	130
3365	82	129
3366	82	130
3367	82	129
3368	82	130
3369	82	130
3370	82	130
3371	82	130
3372	82	130
3373	82	130
3374	82	130
3375	82	130
3376	82	130
3377	82	130
3378	82	129
3379	82	130
3380	82	130
3381	82	130
3382	82	130
3383	82	130
3384	82	130
3385	82	130
3386	82	130
3387	82	130
3388	80	130
3389	82	130
3390	82	130
3391	82	130
3392	82	130
3393	82	129
3394	82	130
3395	82	130
3396	81	130
3397	82	130
3398	81	130
3399	81	130
3400	81	130
3401	81	130
3402	82	130
3403	81	130
3404	82	129
3405	83	130
3406	83	130
3407	83	130
3408	83	130
3409	84	130
3410	83	130
3411	83	130
3412	83	130
3413	83	130
3414	83	130
3415	83	130
3416	83	129
3417	83	130
3418	83	130
3419	83	130
3420	83	130
3421	83	130
3422	83	130
3423	83	130
3424	83	130
3425	83	130
3426	83	130
3427	83	130
3428	82	130
3429	83	130
3430	82	130
3431	82	130
3432	82	129
3433	82	130
3434	82	130
3435	82	130
3436	82	130
3437	82	130
3438	81	130
3439	82	130
3440	82	130
3441	82	130
3442	82	130
3443	82	129
3444	81	130
3445	82	130
3446	82	130
3447	82	130
3448	82	130
3449	82	130
3450	82	130
3451	82	130
3452	82	130
3453	82	129
3454	82	130
3455	82	130
3456	82	130
3457	82	130
3458	82	130
3459	82	130
3460	82	130
3461	82	130
3462	83	130
3463	82	130
3464	82	130
3465	82	130
3466	82	130
3467	82	130
3468	82	130
3469	82	130
3470	83	130
3471	82	130
3472	82	130
3473	82	130
3474	83	130
3475	82	130
3476	82	130
3477	82	130
3478	82	129
3479	82	130
3480	82	130
3481	82	130
3482	82	130
3483	82	129
3484	82	129
3485	82	130
3486	82	130
3487	82	130
3488	83	130
3489	82	130
3490	82	130
3491	82	130
3492	82	130
3493	82	130
3494	82	130
3495	82	130
3496	82	130
3497	82	130
3498	82	130
3499	82	130
3500	82	130
3501	82	130
3502	82	130
3503	82	130
3504	83	130
3505	81	129
3506	81	130
3507	83	130
3508	82	130
3509	82	130
3510	83	130
3511	82	130
3512	82	130
3513	82	130
3514	82	130
3515	82	130
3516	82	130
3517	82	129
3518	82	130
3519	82	129
3520	82	130
3521	83	130
3522	83	130
3523	85	130
3524	87	129
3525	93	130
3526	172	130
3527	255	130
3528	255	130
3529	234	130
3530	221	130
3531	213	130
3532	172	130
3533	192	130
3534	167	130
3535	167	130
3536	169	130
3537	155	130
3538	164	130
3539	157	130
3540	156	130
3541	158	130
3542	153	130
3543	156	130
3544	154	130
3545	154	130
3546	155	130
3547	153	130
3548	153	129
3549	150	130
3550	149	130
3551	149	129
3552	147	130
3553	148	129
3554	147	129
3555	147	129
3556	149	129
3557	150	130
3558	151	130
3559	151	130
3560	152	130
3561	151	130
3562	151	129
3563	151	130
3564	150	130
3565	150	130
3566	149	130
3567	148	130
3568	148	129
3569	148	130
3570	149	129
3571	150	130
3572	150	130
3573	151	130
3574	153	130
3575	153	130
3576	153	129
3577	153	130
3578	154	129
3579	155	130
3580	156	129
3581	157	130
3582	158	130
3583	159	130
3584	160	130
3585	161	130
3586	161	130
3587	161	129
3588	161	130
3589	161	130
3590	161	130
3591	161	130
3592	161	130
3593	161	130
3594	161	130
3595	161	130
3596	160	129
3597	160	130
3598	160	130
3599	160	130
3600	160	130
3601	160	130
3602	160	130
3603	160	130
3604	160	129
3605	161	130
3606	161	130
3607	161	129
3608	161	130
3609	162	130
3610	162	130
3611	163	130
3612	163	129
3613	163	130
3614	163	130
3615	164	130
3616	163	130
3617	162	129
3618	162	130
3619	161	130
3620	159	130
3621	158	130
3622	157	130
3623	155	130
3624	153	130
3625	152	130
3626	150	129
3627	149	130
3628	148	130
3629	147	130
3630	147	130
3631	146	130
3632	146	130
3633	146	130
3634	146	130
3635	146	130
3636	147	130
3637	147	130
3638	149	129
3639	150	129
3640	151	130
3641	153	130
3642	154	130
3643	155	130
3644	156	130
3645	157	130
3646	158	130
3647	158	130
3648	158	130
3649	158	130
3650	158	130
3651	157	130
3652	156	129
3653	156	130
3654	155	130
3655	154	130
3656	153	130
3657	152	130
3658	151	130
3659	150	130
3660	149	130
3661	148	129
3662	147	130
3663	147	130
3664	146	130
3665	146	130
3666	146	130
3667	146	129
3668	146	130
3669	146	130
3670	146	130
3671	147	130
3672	146	130
3673	147	130
3674	147	130
3675	147	130
3676	148	130
3677	148	130
3678	148	130
3679	149	130
3680	150	130
3681	150	130
3682	151	130
3683	152	130
3684	152	130
3685	153	130
3686	153	130
3687	153	130
3688	153	130
3689	153	130
3690	153	130
3691	153	130
3692	153	129
3693	152	130
3694	152	130
3695	151	130
3696	151	130
3697	151	130
3698	150	130
3699	150	130
3700	149	130
3701	149	130
3702	149	130
3703	148	130
3704	148	130
3705	148	130
3706	147	130
3707	147	130
3708	147	129
3709	148	130
3710	148	130
3711	148	130
3712	148	130
3713	149	129
3714	150	130
3715	150	130
3716	151	130
3717	151	130
3718	151	130
3719	151	130
3720	150	130
3721	151	130
3722	148	129
3723	148	130
3724	148	130
3725	147	130
3726	147	130
3727	147	130
3728	147	130
3729	147	130
3730	147	130
3731	147	130
3732	148	130
3733	148	130
3734	148	130
3735	148	130
3736	148	130
3737	149	130
3738	149	130
3739	149	129
3740	150	130
3741	150	130
3742	151	130
3743	151	130
3744	152	130
3745	153	130
3746	154	130
3747	154	130
3748	155	130
3749	155	130
3750	156	130
3751	156	130
3752	156	129
3753	155	130
3754	156	130
3755	155	130
3756	154	130
3757	153	130
3758	152	130
3759	151	130
3760	150	130
3761	150	130
3762	149	130
3763	149	130
3764	149	130
3765	149	130
3766	150	130
3767	150	130
3768	150	130
3769	151	130
3770	151	130
3771	151	129
3772	152	130
3773	153	130
3774	153	130
3775	153	130
3776	153	130
3777	153	130
3778	153	130
3779	153	130
3780	153	130
3781	152	130
3782	152	130
3783	152	130
3784	152	130
3785	152	130
3786	151	130
3787	150	130
3788	149	130
3789	149	130
3790	148	130
3791	147	129
3792	147	130
3793	147	130
3794	146	130
3795	147	130
3796	147	130
3797	147	130
3798	148	130
3799	149	130
3800	150	130
3801	151	130
3802	151	129
3803	152	130
3804	153	130
3805	153	129
3806	154	129
3807	155	130
3808	155	130
3809	155	130
3810	156	130
3811	156	130
3812	155	130
3813	155	129
3814	154	130
3815	153	130
3816	152	130
3817	152	130
3818	151	129
3819	150	130
3820	150	130
3821	150	129
3822	149	130
3823	149	130
3824	149	130
3825	149	130
3826	149	130
3827	149	130
3828	149	130
3829	150	129
3830	149	130
3831	150	130
3832	151	130
3833	151	130
3834	150	130
3835	151	130
3836	151	129
3837	152	130
3838	152	129
3839	153	130
3840	153	130
3841	153	130
3842	154	130
3843	154	130
3844	154	130
3845	154	130
3846	153	130
3847	153	130
3848	153	130
3849	152	130
3850	151	129
3851	151	130
3852	151	130
3853	150	130
3854	150	130
3855	150	130
3856	150	130
3857	149	130
3858	150	130
3859	149	130
3860	150	129
3861	149	130
3862	150	130
3863	150	129
3864	150	129
3865	151	130
3866	152	130
3867	151	130
3868	153	130
3869	153	130
3870	153	130
3871	154	130
3872	154	130
3873	154	129
3874	154	129
3875	154	130
3876	154	129
3877	154	130
3878	154	130
3879	154	130
3880	154	130
3881	154	130
3882	153	130
3883	153	130
3884	152	130
3885	152	129
3886	152	130
3887	151	130
3888	151	130
3889	151	130
3890	151	130
3891	151	129
3892	150	129
3893	150	130
3894	150	130
3895	150	129
3896	150	130
3897	151	130
3898	151	130
3899	151	130
3900	151	130
3901	152	130
3902	152	129
3903	152	130
3904	152	130
3905	152	129
3906	152	129
3907	152	130
3908	151	130
3909	151	129
3910	151	129
3911	151	130
3912	151	129
3913	151	130
3914	150	130
3915	150	130
3916	149	130
3917	149	130
3918	148	129
3919	148	129
3920	147	130
3921	147	130
3922	147	129
3923	147	130
3924	147	130
3925	146	130
3926	146	130
3927	146	130
3928	146	130
3929	146	129
3930	147	130
3931	147	130
3932	147	129
3933	148	130
3934	149	130
3935	149	130
3936	150	130
3937	150	130
3938	152	130
3939	153	130
3940	153	129
3941	154	130
3942	154	130
3943	154	130
3944	155	129
3945	155	130
3946	155	129
3947	154	130
3948	154	130
3949	154	129
3950	153	130
3951	153	130
3952	152	130
3953	151	130
3954	151	129
3955	150	129
3956	150	130
3957	149	130
3958	149	130
3959	149	130
3960	149	130
3961	149	129
3962	149	130
3963	149	130
3964	149	130
3965	150	130
3966	150	129
3967	150	130
3968	151	130
3969	151	130
3970	152	130
3971	152	129
3972	153	130
3973	153	130
3974	153	130
3975	154	130
3976	154	129
3977	154	130
3978	154	130
3979	154	130
3980	154	130
3981	153	130
3982	153	130
3983	152	130
3984	152	129
3985	152	130
3986	151	130
3987	151	130
3988	151	130
3989	150	130
3990	150	130
3991	149	130
3992	149	130
3993	149	130
3994	149	130
3995	149	130
3996	149	130
3997	149	130
3998	149	130
3999	149	130
4000	149	130
4001	149	130
4002	149	130
4003	149	130
4004	149	129
4005	150	130
4006	150	130
4007	150	130
4008	150	130
4009	150	130
4010	151	130
4011	151	130
4012	152	130
4013	152	130
4014	152	130
4015	152	129
4016	153	130
4017	153	130
4018	153	130
4019	153	130
4020	153	130
4021	153	130
4022	153	130
4023	153	130
4024	153	130
4025	152	129
4026	152	130
4027	152	129
4028	151	129
4029	151	130
4030	150	130
4031	149	130
4032	149	129
4033	148	130
4034	148	130
4035	147	130
4036	147	130
4037	147	130
4038	146	129
4039	146	130
4040	146	130
4041	146	130
4042	146	129
4043	147	130
4044	146	130
4045	147	130
4046	148	129
4047	147	130
4048	148	130
4049	149	130
4050	149	130
4051	149	130
4052	150	130
4053	151	130
4054	150	130
4055	151	129
4056	151	130
4057	151	129
4058	152	130
4059	152	129
4060	151	129
4061	151	129
4062	151	130
4063	151	130
4064	151	129
4065	151	130
4066	150	130
4067	150	130
4068	150	130
4069	149	130
4070	149	130
4071	149	130
4072	149	130
4073	149	130
4074	148	130
4075	148	130
4076	148	129
4077	148	129
4078	147	130
4079	147	130
4080	147	130
4081	147	130
4082	148	129
4083	147	130
4084	147	130
4085	147	129
4086	147	130
4087	148	129
4088	148	130
4089	147	130
4090	148	130
4091	147	130
4092	147	130
4093	148	130
4094	148	130
4095	148	130
