
TIME STEP:
125 = 50us

VOLTAGE STEP:
CH1:  32 = 0.15V
CH2:  32 = 5V
GND	75	128
N	CH1	CH2

0	83	129
1	83	130
2	82	129
3	82	130
4	82	130
5	81	130
6	81	130
7	81	129
8	81	129
9	81	129
10	80	130
11	80	130
12	80	130
13	80	130
14	80	130
15	80	130
16	80	129
17	80	130
18	80	130
19	80	130
20	80	130
21	80	129
22	79	130
23	79	130
24	80	130
25	79	129
26	79	130
27	79	130
28	79	130
29	79	129
30	79	130
31	79	129
32	79	129
33	79	129
34	79	129
35	79	129
36	79	130
37	79	130
38	79	130
39	79	130
40	79	130
41	79	130
42	79	130
43	79	130
44	79	130
45	79	130
46	79	130
47	79	130
48	79	130
49	79	129
50	79	130
51	79	129
52	79	130
53	79	130
54	79	130
55	79	130
56	79	129
57	79	130
58	79	130
59	79	129
60	79	129
61	79	129
62	79	130
63	79	129
64	79	129
65	79	129
66	79	130
67	79	129
68	79	130
69	78	130
70	79	129
71	79	129
72	78	130
73	79	129
74	79	130
75	79	130
76	79	130
77	79	130
78	79	129
79	79	130
80	79	129
81	79	130
82	79	130
83	79	130
84	79	130
85	79	130
86	79	130
87	79	130
88	79	130
89	79	130
90	79	129
91	79	130
92	79	129
93	79	130
94	79	129
95	79	129
96	79	130
97	79	129
98	79	129
99	79	130
100	79	129
101	79	130
102	79	130
103	79	130
104	79	129
105	79	129
106	79	130
107	78	130
108	79	129
109	79	129
110	79	129
111	79	130
112	79	130
113	79	129
114	79	129
115	79	129
116	79	129
117	79	130
118	79	129
119	79	130
120	79	130
121	79	130
122	79	129
123	79	129
124	79	129
125	79	129
126	79	130
127	79	130
128	79	130
129	79	129
130	79	130
131	79	130
132	79	129
133	79	130
134	79	129
135	79	129
136	79	130
137	79	130
138	79	130
139	79	129
140	79	130
141	79	130
142	79	129
143	79	129
144	78	130
145	79	130
146	79	130
147	79	129
148	79	130
149	79	130
150	79	130
151	79	130
152	78	130
153	79	130
154	79	130
155	79	130
156	79	130
157	79	130
158	79	130
159	79	130
160	79	129
161	79	130
162	79	130
163	79	130
164	79	130
165	79	130
166	79	130
167	79	130
168	79	129
169	79	130
170	79	129
171	79	130
172	79	130
173	79	130
174	79	130
175	79	130
176	79	130
177	79	130
178	79	130
179	79	130
180	79	129
181	79	129
182	79	130
183	79	130
184	79	130
185	79	130
186	79	130
187	79	129
188	79	130
189	79	130
190	79	130
191	79	129
192	79	130
193	79	129
194	79	129
195	79	130
196	79	130
197	79	130
198	79	130
199	79	130
200	79	129
201	79	130
202	79	129
203	79	130
204	79	129
205	79	129
206	79	130
207	79	129
208	79	130
209	79	130
210	79	130
211	79	130
212	79	130
213	79	130
214	79	129
215	79	130
216	79	130
217	79	130
218	79	130
219	79	129
220	79	130
221	79	130
222	79	130
223	79	130
224	79	130
225	79	129
226	79	129
227	79	130
228	79	130
229	79	130
230	79	130
231	79	130
232	79	130
233	79	130
234	79	129
235	79	130
236	79	130
237	79	130
238	79	129
239	79	130
240	79	129
241	79	130
242	79	130
243	78	130
244	78	130
245	78	130
246	78	130
247	78	130
248	78	129
249	79	130
250	78	130
251	79	130
252	79	130
253	79	130
254	79	129
255	80	130
256	80	130
257	80	130
258	79	130
259	80	130
260	80	129
261	79	130
262	79	129
263	80	129
264	80	130
265	80	130
266	79	130
267	79	130
268	79	130
269	80	129
270	79	130
271	79	130
272	79	130
273	79	130
274	79	129
275	79	129
276	79	130
277	78	130
278	79	130
279	79	130
280	79	130
281	79	130
282	78	130
283	79	130
284	78	130
285	78	130
286	79	130
287	79	130
288	78	129
289	79	130
290	78	129
291	79	130
292	78	129
293	79	129
294	79	130
295	78	129
296	78	130
297	79	130
298	79	129
299	79	129
300	78	130
301	78	130
302	78	130
303	79	129
304	79	129
305	79	130
306	79	130
307	79	130
308	79	130
309	79	130
310	79	130
311	79	130
312	79	130
313	79	130
314	79	130
315	79	130
316	79	130
317	79	130
318	79	130
319	79	129
320	79	130
321	79	130
322	79	130
323	79	130
324	79	130
325	79	130
326	79	130
327	79	130
328	79	130
329	79	130
330	79	130
331	79	130
332	79	129
333	79	130
334	79	130
335	79	130
336	79	129
337	79	130
338	79	130
339	79	130
340	79	130
341	78	130
342	79	129
343	79	130
344	79	130
345	79	130
346	79	130
347	79	130
348	79	130
349	79	130
350	79	130
351	79	129
352	79	130
353	79	129
354	79	130
355	79	130
356	79	130
357	79	130
358	78	129
359	79	130
360	78	129
361	79	130
362	78	130
363	79	130
364	79	130
365	79	129
366	78	130
367	79	129
368	79	130
369	79	130
370	79	129
371	79	130
372	79	130
373	79	130
374	79	130
375	79	130
376	79	130
377	79	130
378	79	130
379	79	130
380	79	130
381	79	129
382	79	130
383	79	130
384	79	129
385	79	129
386	79	130
387	78	130
388	79	129
389	79	130
390	78	130
391	79	130
392	79	130
393	78	130
394	79	130
395	79	130
396	78	129
397	79	129
398	79	130
399	79	129
400	79	130
401	79	130
402	80	130
403	82	130
404	85	130
405	100	130
406	218	130
407	255	129
408	255	129
409	255	130
410	239	130
411	210	130
412	188	130
413	135	130
414	145	130
415	119	130
416	107	130
417	111	129
418	102	130
419	96	130
420	95	130
421	93	130
422	91	130
423	89	130
424	89	130
425	88	130
426	88	130
427	87	130
428	87	130
429	87	130
430	87	130
431	87	130
432	87	130
433	88	130
434	90	130
435	92	130
436	94	130
437	97	130
438	100	130
439	105	130
440	110	130
441	117	130
442	125	129
443	135	130
444	146	130
445	159	129
446	172	130
447	184	130
448	195	130
449	202	129
450	206	130
451	205	130
452	201	130
453	193	130
454	183	129
455	172	129
456	161	130
457	151	129
458	142	130
459	134	129
460	127	130
461	121	129
462	117	130
463	112	130
464	109	129
465	106	129
466	104	130
467	102	130
468	100	130
469	100	130
470	99	129
471	99	130
472	98	129
473	99	130
474	99	130
475	100	130
476	101	130
477	102	130
478	104	130
479	106	130
480	109	130
481	112	129
482	115	129
483	120	129
484	124	129
485	130	130
486	136	130
487	142	129
488	148	130
489	155	130
490	160	130
491	165	130
492	169	130
493	171	130
494	172	130
495	171	130
496	168	130
497	164	130
498	159	130
499	154	130
500	148	130
501	143	130
502	137	130
503	132	130
504	127	129
505	124	130
506	120	130
507	117	130
508	115	129
509	112	130
510	111	130
511	109	130
512	108	130
513	107	130
514	107	130
515	107	130
516	107	130
517	107	130
518	108	129
519	109	130
520	110	129
521	111	130
522	113	130
523	115	130
524	118	130
525	121	130
526	124	130
527	127	130
528	131	130
529	134	130
530	138	130
531	142	130
532	146	130
533	149	130
534	152	129
535	154	129
536	155	130
537	155	130
538	155	129
539	154	130
540	152	129
541	150	130
542	147	130
543	143	130
544	140	130
545	136	130
546	133	129
547	130	130
548	127	130
549	124	130
550	122	130
551	119	130
552	117	130
553	116	129
554	115	129
555	113	129
556	112	130
557	112	130
558	111	129
559	111	130
560	111	129
561	112	130
562	112	130
563	113	129
564	114	130
565	116	130
566	117	130
567	119	129
568	121	129
569	124	129
570	127	130
571	129	130
572	132	130
573	135	130
574	138	130
575	141	130
576	143	130
577	145	130
578	147	130
579	149	129
580	150	129
581	149	130
582	149	130
583	148	129
584	147	130
585	144	129
586	142	130
587	139	130
588	136	130
589	133	130
590	130	130
591	127	130
592	124	129
593	122	129
594	120	130
595	117	130
596	116	130
597	115	130
598	113	130
599	113	130
600	112	129
601	112	130
602	111	130
603	111	130
604	112	130
605	113	130
606	113	129
607	115	130
608	116	130
609	118	130
610	120	130
611	122	130
612	124	130
613	127	130
614	129	129
615	132	130
616	135	130
617	138	130
618	140	130
619	143	130
620	144	130
621	146	129
622	147	130
623	147	130
624	147	129
625	147	130
626	146	130
627	144	130
628	142	129
629	140	130
630	137	129
631	135	130
632	133	130
633	130	129
634	128	130
635	125	130
636	124	130
637	122	129
638	120	129
639	119	130
640	118	130
641	117	130
642	117	130
643	116	130
644	116	130
645	115	130
646	116	129
647	116	130
648	117	130
649	118	130
650	119	129
651	119	130
652	121	129
653	122	129
654	124	130
655	126	130
656	128	129
657	129	130
658	131	130
659	133	130
660	135	130
661	136	129
662	138	130
663	139	130
664	139	129
665	140	130
666	140	129
667	140	130
668	140	130
669	139	129
670	138	130
671	136	130
672	135	130
673	133	130
674	132	130
675	130	130
676	129	130
677	127	130
678	126	130
679	125	130
680	124	130
681	123	129
682	121	130
683	121	130
684	120	130
685	120	129
686	119	130
687	120	130
688	119	130
689	120	129
690	120	130
691	121	130
692	121	129
693	122	129
694	123	130
695	124	130
696	125	130
697	126	130
698	127	130
699	129	130
700	130	130
701	131	130
702	133	130
703	133	130
704	134	130
705	135	130
706	136	130
707	136	129
708	137	129
709	137	130
710	137	130
711	136	130
712	136	130
713	135	130
714	134	130
715	133	129
716	132	130
717	130	129
718	129	130
719	128	130
720	126	130
721	126	130
722	124	130
723	123	130
724	122	130
725	121	130
726	121	130
727	120	130
728	120	130
729	120	130
730	120	130
731	120	129
732	120	130
733	121	130
734	120	130
735	121	130
736	122	130
737	123	129
738	123	130
739	125	129
740	125	129
741	127	129
742	128	130
743	129	130
744	130	130
745	131	130
746	132	130
747	133	129
748	133	129
749	134	130
750	134	129
751	135	130
752	135	130
753	135	130
754	134	130
755	134	130
756	133	130
757	133	129
758	132	130
759	131	130
760	130	130
761	130	130
762	128	130
763	128	130
764	127	130
765	126	130
766	125	130
767	124	130
768	124	130
769	123	130
770	123	130
771	123	130
772	122	130
773	122	130
774	122	130
775	122	129
776	122	130
777	123	130
778	123	130
779	124	130
780	125	130
781	126	130
782	126	129
783	127	130
784	128	129
785	129	130
786	130	129
787	131	129
788	132	129
789	133	129
790	133	130
791	134	129
792	134	130
793	135	130
794	135	130
795	135	129
796	135	129
797	134	130
798	134	130
799	133	130
800	133	129
801	132	130
802	131	129
803	130	130
804	129	130
805	129	130
806	128	130
807	127	130
808	126	129
809	125	130
810	125	129
811	125	130
812	124	130
813	124	130
814	124	130
815	123	130
816	123	130
817	124	130
818	124	130
819	125	129
820	125	130
821	126	129
822	125	130
823	127	130
824	127	129
825	128	129
826	129	130
827	130	129
828	130	130
829	131	130
830	132	130
831	132	130
832	133	129
833	133	130
834	134	130
835	134	129
836	134	130
837	134	130
838	134	130
839	133	130
840	133	130
841	133	130
842	132	130
843	131	129
844	131	130
845	130	129
846	129	130
847	128	130
848	127	130
849	127	130
850	126	130
851	126	130
852	126	129
853	125	130
854	125	130
855	125	130
856	125	130
857	125	130
858	125	130
859	125	130
860	125	130
861	126	130
862	126	129
863	126	130
864	127	130
865	127	129
866	128	130
867	129	130
868	129	130
869	130	130
870	130	129
871	131	130
872	131	129
873	131	130
874	132	130
875	131	130
876	132	130
877	132	129
878	131	130
879	131	130
880	131	130
881	131	130
882	131	130
883	130	130
884	129	129
885	129	130
886	128	129
887	127	130
888	127	130
889	126	130
890	126	129
891	125	129
892	125	130
893	125	129
894	125	130
895	125	129
896	125	129
897	125	129
898	125	129
899	125	130
900	125	130
901	125	130
902	125	130
903	126	129
904	126	129
905	126	130
906	127	129
907	127	129
908	127	129
909	127	130
910	127	130
911	128	130
912	128	129
913	129	130
914	129	129
915	130	130
916	130	130
917	131	130
918	131	130
919	132	129
920	133	129
921	133	130
922	133	129
923	133	130
924	134	130
925	134	130
926	133	130
927	133	130
928	133	130
929	132	130
930	131	130
931	131	129
932	131	130
933	130	130
934	129	130
935	129	130
936	128	130
937	128	130
938	127	130
939	126	129
940	126	130
941	125	130
942	125	130
943	125	130
944	125	129
945	125	130
946	125	130
947	125	130
948	125	130
949	125	130
950	126	130
951	126	130
952	127	130
953	127	130
954	128	130
955	129	129
956	129	130
957	130	130
958	130	130
959	131	130
960	132	130
961	132	130
962	132	130
963	132	130
964	133	130
965	133	130
966	133	130
967	132	130
968	132	130
969	132	130
970	131	129
971	131	130
972	130	130
973	130	130
974	130	130
975	129	130
976	129	130
977	129	130
978	129	130
979	128	129
980	128	130
981	128	130
982	127	130
983	127	130
984	127	130
985	127	129
986	128	130
987	127	130
988	128	130
989	128	130
990	128	129
991	128	130
992	129	130
993	129	130
994	129	130
995	129	130
996	130	130
997	130	130
998	130	130
999	130	130
1000	131	129
1001	131	130
1002	131	130
1003	131	130
1004	131	130
1005	131	130
1006	131	130
1007	131	129
1008	130	129
1009	131	130
1010	130	130
1011	130	130
1012	129	130
1013	129	129
1014	129	130
1015	129	129
1016	128	129
1017	128	130
1018	127	129
1019	127	130
1020	127	130
1021	127	129
1022	127	130
1023	127	130
1024	127	130
1025	127	130
1026	127	130
1027	127	130
1028	128	130
1029	128	130
1030	129	130
1031	128	130
1032	127	130
1033	126	130
1034	124	130
1035	123	130
1036	121	130
1037	118	130
1038	116	130
1039	114	130
1040	110	130
1041	107	130
1042	105	130
1043	101	129
1044	98	130
1045	95	130
1046	94	129
1047	91	130
1048	89	130
1049	88	129
1050	86	130
1051	85	130
1052	84	130
1053	84	130
1054	83	129
1055	83	130
1056	83	130
1057	82	130
1058	82	130
1059	81	129
1060	81	130
1061	81	130
1062	81	130
1063	81	130
1064	81	130
1065	80	130
1066	80	130
1067	80	130
1068	80	129
1069	80	130
1070	80	130
1071	80	130
1072	80	130
1073	80	130
1074	80	130
1075	80	130
1076	80	130
1077	79	130
1078	79	130
1079	79	130
1080	79	129
1081	79	130
1082	79	130
1083	79	130
1084	79	130
1085	79	130
1086	79	130
1087	79	130
1088	79	130
1089	79	130
1090	79	130
1091	79	129
1092	79	130
1093	79	130
1094	79	130
1095	79	129
1096	79	130
1097	79	129
1098	79	130
1099	79	129
1100	79	130
1101	79	130
1102	79	130
1103	79	130
1104	79	130
1105	79	130
1106	79	130
1107	79	130
1108	79	130
1109	79	130
1110	79	130
1111	79	130
1112	79	130
1113	79	129
1114	79	129
1115	79	129
1116	78	129
1117	79	130
1118	78	130
1119	79	130
1120	78	129
1121	79	129
1122	78	130
1123	79	130
1124	78	130
1125	79	130
1126	79	129
1127	79	130
1128	79	130
1129	79	130
1130	78	130
1131	79	130
1132	79	130
1133	79	129
1134	79	130
1135	79	129
1136	79	130
1137	79	130
1138	79	130
1139	79	130
1140	79	129
1141	79	130
1142	79	130
1143	79	129
1144	79	130
1145	79	129
1146	78	129
1147	79	130
1148	79	130
1149	79	130
1150	79	130
1151	79	129
1152	78	130
1153	79	130
1154	79	129
1155	79	129
1156	78	130
1157	79	129
1158	79	130
1159	79	129
1160	78	130
1161	79	130
1162	79	129
1163	79	130
1164	79	129
1165	79	129
1166	79	129
1167	79	130
1168	79	130
1169	79	130
1170	78	129
1171	79	129
1172	79	130
1173	79	130
1174	79	129
1175	79	129
1176	79	130
1177	79	130
1178	79	130
1179	79	129
1180	79	130
1181	79	130
1182	79	130
1183	79	130
1184	79	129
1185	79	130
1186	79	130
1187	79	129
1188	79	130
1189	79	130
1190	79	130
1191	79	130
1192	79	130
1193	79	130
1194	79	130
1195	79	130
1196	79	130
1197	79	130
1198	79	130
1199	79	130
1200	79	130
1201	79	130
1202	79	130
1203	79	129
1204	79	130
1205	79	130
1206	79	130
1207	79	129
1208	79	129
1209	79	130
1210	79	130
1211	79	130
1212	79	130
1213	79	130
1214	79	130
1215	79	129
1216	79	130
1217	79	130
1218	79	129
1219	79	130
1220	79	130
1221	79	130
1222	78	130
1223	79	129
1224	78	130
1225	79	130
1226	78	130
1227	79	130
1228	79	130
1229	79	130
1230	79	130
1231	79	129
1232	79	130
1233	79	130
1234	79	129
1235	79	130
1236	79	129
1237	79	130
1238	79	130
1239	79	129
1240	79	130
1241	79	130
1242	79	130
1243	79	129
1244	79	130
1245	79	130
1246	79	130
1247	79	130
1248	79	130
1249	79	130
1250	79	130
1251	79	130
1252	79	129
1253	79	129
1254	78	129
1255	79	130
1256	79	130
1257	79	130
1258	79	129
1259	79	130
1260	79	130
1261	79	130
1262	79	129
1263	79	129
1264	79	130
1265	79	130
1266	79	130
1267	79	129
1268	79	130
1269	79	130
1270	79	130
1271	79	129
1272	79	130
1273	79	130
1274	79	130
1275	79	130
1276	79	130
1277	79	129
1278	79	130
1279	79	129
1280	79	130
1281	79	130
1282	79	130
1283	79	129
1284	79	130
1285	79	130
1286	79	130
1287	79	130
1288	79	130
1289	79	129
1290	79	130
1291	79	129
1292	79	129
1293	79	130
1294	79	130
1295	79	130
1296	79	129
1297	78	130
1298	78	130
1299	78	130
1300	78	130
1301	78	130
1302	79	130
1303	79	130
1304	79	130
1305	79	129
1306	79	130
1307	80	130
1308	80	130
1309	80	130
1310	80	130
1311	80	130
1312	80	130
1313	80	129
1314	80	130
1315	80	130
1316	79	130
1317	80	130
1318	79	130
1319	80	130
1320	79	130
1321	80	130
1322	79	130
1323	79	129
1324	79	130
1325	79	129
1326	79	130
1327	79	130
1328	79	130
1329	79	130
1330	79	130
1331	79	130
1332	78	129
1333	79	130
1334	78	130
1335	79	130
1336	78	129
1337	79	129
1338	78	129
1339	79	130
1340	78	130
1341	79	130
1342	79	130
1343	78	130
1344	78	130
1345	78	130
1346	78	129
1347	78	130
1348	79	130
1349	79	130
1350	79	130
1351	78	130
1352	79	130
1353	79	129
1354	79	129
1355	79	130
1356	79	130
1357	79	129
1358	79	130
1359	79	130
1360	79	130
1361	79	130
1362	78	130
1363	79	130
1364	79	130
1365	79	130
1366	79	130
1367	79	130
1368	79	130
1369	78	130
1370	79	130
1371	79	129
1372	79	130
1373	79	130
1374	79	130
1375	79	130
1376	79	130
1377	79	130
1378	79	130
1379	79	130
1380	79	130
1381	79	130
1382	79	129
1383	79	130
1384	79	130
1385	79	130
1386	79	130
1387	79	130
1388	79	130
1389	79	130
1390	79	130
1391	79	129
1392	79	130
1393	79	130
1394	79	130
1395	79	130
1396	79	129
1397	79	130
1398	79	130
1399	79	130
1400	79	130
1401	79	130
1402	79	130
1403	79	130
1404	79	130
1405	79	130
1406	79	130
1407	79	130
1408	79	130
1409	79	129
1410	79	130
1411	79	130
1412	79	130
1413	79	130
1414	79	130
1415	79	130
1416	79	130
1417	79	129
1418	79	130
1419	79	130
1420	79	130
1421	79	130
1422	79	130
1423	79	130
1424	79	130
1425	79	130
1426	79	129
1427	79	130
1428	79	130
1429	79	129
1430	79	130
1431	79	130
1432	79	130
1433	79	130
1434	79	129
1435	79	130
1436	79	130
1437	79	129
1438	79	130
1439	79	130
1440	78	130
1441	79	130
1442	78	130
1443	79	130
1444	79	130
1445	79	129
1446	79	130
1447	79	130
1448	79	130
1449	79	130
1450	79	129
1451	79	130
1452	79	130
1453	79	130
1454	80	130
1455	81	130
1456	83	130
1457	89	129
1458	147	130
1459	255	129
1460	255	130
1461	255	130
1462	255	130
1463	229	130
1464	223	130
1465	162	130
1466	140	130
1467	135	130
1468	108	129
1469	106	130
1470	103	129
1471	96	129
1472	92	130
1473	90	130
1474	89	130
1475	88	130
1476	86	129
1477	85	129
1478	86	130
1479	85	130
1480	84	130
1481	84	130
1482	84	130
1483	84	130
1484	84	130
1485	84	130
1486	84	129
1487	84	130
1488	85	130
1489	85	130
1490	87	130
1491	90	130
1492	96	130
1493	103	130
1494	107	129
1495	115	130
1496	127	129
1497	138	129
1498	153	130
1499	170	130
1500	187	130
1501	204	130
1502	216	130
1503	224	130
1504	224	129
1505	219	129
1506	208	130
1507	195	129
1508	181	129
1509	167	130
1510	155	130
1511	144	130
1512	135	130
1513	127	129
1514	121	130
1515	116	130
1516	112	130
1517	109	130
1518	106	130
1519	103	129
1520	102	130
1521	101	129
1522	100	129
1523	99	130
1524	99	130
1525	99	130
1526	100	130
1527	100	130
1528	101	130
1529	103	129
1530	105	130
1531	107	130
1532	110	130
1533	113	130
1534	117	129
1535	121	130
1536	127	130
1537	133	130
1538	139	130
1539	145	129
1540	151	130
1541	157	130
1542	163	129
1543	167	130
1544	170	130
1545	171	130
1546	171	129
1547	169	130
1548	165	130
1549	162	130
1550	157	130
1551	152	130
1552	147	130
1553	141	129
1554	137	130
1555	132	130
1556	128	130
1557	124	130
1558	121	130
1559	119	130
1560	117	130
1561	115	129
1562	114	130
1563	113	129
1564	112	130
1565	112	130
1566	112	130
1567	112	130
1568	113	129
1569	115	130
1570	116	130
1571	117	130
1572	120	130
1573	122	129
1574	125	130
1575	129	130
1576	133	130
1577	137	130
1578	141	130
1579	146	130
1580	150	130
1581	154	130
1582	157	130
1583	159	130
1584	160	130
1585	161	130
1586	160	129
1587	158	130
1588	155	130
1589	152	130
1590	149	130
1591	145	130
1592	141	130
1593	137	130
1594	134	130
1595	131	130
1596	129	130
1597	126	130
1598	125	130
1599	123	130
1600	121	130
1601	121	130
1602	120	130
1603	119	130
1604	119	130
1605	119	130
1606	119	129
1607	119	130
1608	119	129
1609	120	130
1610	121	129
1611	122	130
1612	123	130
1613	125	130
1614	126	130
1615	127	130
1616	128	129
1617	129	129
1618	131	130
1619	132	129
1620	134	129
1621	135	130
1622	136	130
1623	136	130
1624	137	130
1625	137	130
1626	137	129
1627	137	130
1628	137	130
1629	137	130
1630	137	129
1631	137	129
1632	137	129
1633	135	130
1634	135	130
1635	134	130
1636	134	130
1637	133	130
1638	132	130
1639	132	129
1640	131	130
1641	131	130
1642	131	129
1643	130	130
1644	129	130
1645	129	130
1646	129	130
1647	128	130
1648	128	130
1649	127	130
1650	128	130
1651	128	130
1652	128	129
1653	129	129
1654	129	130
1655	130	129
1656	130	130
1657	131	130
1658	131	130
1659	132	130
1660	132	130
1661	132	130
1662	132	130
1663	133	130
1664	132	130
1665	133	130
1666	132	130
1667	132	130
1668	132	129
1669	132	129
1670	131	130
1671	131	130
1672	131	130
1673	130	130
1674	130	130
1675	129	130
1676	129	130
1677	129	130
1678	128	130
1679	128	130
1680	128	130
1681	127	129
1682	127	130
1683	127	130
1684	127	130
1685	128	130
1686	127	130
1687	128	130
1688	128	129
1689	128	129
1690	129	130
1691	129	130
1692	130	129
1693	130	129
1694	131	129
1695	131	130
1696	132	129
1697	132	129
1698	133	130
1699	133	130
1700	133	130
1701	133	130
1702	133	130
1703	133	130
1704	134	130
1705	134	129
1706	134	129
1707	134	129
1708	133	130
1709	133	129
1710	133	129
1711	133	129
1712	132	130
1713	132	130
1714	131	129
1715	131	129
1716	131	129
1717	131	130
1718	131	129
1719	130	130
1720	130	130
1721	131	130
1722	131	130
1723	131	129
1724	131	129
1725	131	130
1726	131	129
1727	132	130
1728	132	130
1729	132	130
1730	133	129
1731	133	130
1732	133	129
1733	134	130
1734	134	130
1735	134	130
1736	135	130
1737	134	130
1738	135	129
1739	134	129
1740	134	130
1741	134	129
1742	135	129
1743	134	130
1744	134	129
1745	134	130
1746	134	130
1747	134	129
1748	134	130
1749	134	130
1750	134	129
1751	133	130
1752	133	130
1753	133	130
1754	133	130
1755	133	130
1756	132	129
1757	132	130
1758	132	130
1759	132	129
1760	132	129
1761	132	130
1762	132	130
1763	131	129
1764	131	130
1765	132	130
1766	131	130
1767	132	130
1768	131	130
1769	132	129
1770	131	129
1771	132	130
1772	131	130
1773	131	130
1774	132	130
1775	131	129
1776	131	130
1777	131	129
1778	131	130
1779	131	130
1780	131	129
1781	131	129
1782	131	129
1783	131	130
1784	131	130
1785	131	130
1786	131	129
1787	131	130
1788	131	130
1789	131	130
1790	131	130
1791	131	130
1792	131	130
1793	131	129
1794	131	130
1795	131	130
1796	131	129
1797	131	130
1798	131	130
1799	131	130
1800	131	129
1801	131	130
1802	131	130
1803	131	129
1804	131	130
1805	131	130
1806	131	130
1807	131	130
1808	131	129
1809	131	130
1810	131	130
1811	131	129
1812	130	130
1813	130	130
1814	130	130
1815	130	129
1816	130	130
1817	130	130
1818	130	130
1819	129	130
1820	130	129
1821	130	130
1822	129	130
1823	129	130
1824	130	129
1825	129	130
1826	130	130
1827	129	130
1828	129	130
1829	130	130
1830	129	130
1831	129	130
1832	130	130
1833	129	129
1834	130	130
1835	129	130
1836	130	129
1837	129	129
1838	129	130
1839	129	130
1840	129	129
1841	129	130
1842	129	130
1843	129	130
1844	129	129
1845	129	130
1846	130	130
1847	129	130
1848	130	129
1849	130	130
1850	130	130
1851	130	130
1852	130	130
1853	130	130
1854	130	129
1855	130	130
1856	130	129
1857	130	130
1858	130	130
1859	130	130
1860	130	130
1861	130	130
1862	130	130
1863	130	130
1864	130	130
1865	130	130
1866	129	130
1867	129	129
1868	130	130
1869	129	130
1870	129	130
1871	128	130
1872	128	130
1873	128	130
1874	127	129
1875	128	130
1876	127	130
1877	127	130
1878	127	130
1879	128	130
1880	128	130
1881	128	130
1882	129	129
1883	129	130
1884	129	129
1885	130	130
1886	131	130
1887	131	130
1888	132	129
1889	133	130
1890	133	130
1891	134	130
1892	134	130
1893	135	129
1894	135	130
1895	135	130
1896	135	129
1897	135	130
1898	135	129
1899	134	129
1900	134	129
1901	133	130
1902	132	130
1903	132	130
1904	132	130
1905	131	130
1906	130	130
1907	130	130
1908	129	130
1909	128	130
1910	128	129
1911	127	130
1912	127	130
1913	127	130
1914	127	130
1915	127	130
1916	127	130
1917	127	130
1918	127	130
1919	127	129
1920	127	130
1921	128	130
1922	128	129
1923	129	130
1924	129	130
1925	130	130
1926	130	129
1927	131	130
1928	131	130
1929	131	130
1930	132	130
1931	133	130
1932	133	130
1933	133	130
1934	133	129
1935	133	129
1936	133	130
1937	133	130
1938	133	130
1939	133	129
1940	132	129
1941	132	130
1942	132	129
1943	131	129
1944	130	130
1945	130	130
1946	130	129
1947	129	129
1948	129	130
1949	129	130
1950	128	129
1951	128	130
1952	128	130
1953	128	129
1954	128	130
1955	128	130
1956	128	130
1957	129	130
1958	129	129
1959	129	130
1960	130	129
1961	131	130
1962	131	130
1963	132	130
1964	132	129
1965	133	130
1966	133	130
1967	134	130
1968	134	129
1969	135	130
1970	134	130
1971	135	130
1972	135	129
1973	135	129
1974	134	130
1975	134	130
1976	134	130
1977	133	130
1978	133	130
1979	132	130
1980	132	129
1981	132	130
1982	131	130
1983	131	130
1984	131	129
1985	130	130
1986	129	130
1987	129	130
1988	129	129
1989	129	130
1990	128	130
1991	128	130
1992	128	129
1993	128	130
1994	128	130
1995	128	130
1996	128	129
1997	129	130
1998	128	130
1999	129	130
2000	129	129
2001	129	129
2002	130	130
2003	130	130
2004	130	130
2005	131	130
2006	131	130
2007	132	130
2008	132	130
2009	133	130
2010	133	129
2011	133	130
2012	133	130
2013	132	130
2014	133	130
2015	133	129
2016	132	130
2017	132	130
2018	132	130
2019	131	130
2020	131	130
2021	131	130
2022	131	130
2023	130	130
2024	129	129
2025	129	130
2026	128	130
2027	128	130
2028	128	130
2029	128	130
2030	127	130
2031	127	130
2032	127	130
2033	127	130
2034	128	130
2035	127	129
2036	128	130
2037	128	130
2038	129	130
2039	129	130
2040	129	130
2041	129	129
2042	130	130
2043	130	130
2044	131	130
2045	131	130
2046	131	130
2047	132	130
2048	132	130
2049	132	130
2050	132	130
2051	133	130
2052	132	130
2053	132	130
2054	132	129
2055	132	130
2056	132	130
2057	131	130
2058	131	130
2059	130	130
2060	130	129
2061	130	130
2062	129	130
2063	129	130
2064	129	129
2065	128	130
2066	128	130
2067	128	129
2068	128	130
2069	127	130
2070	127	130
2071	127	130
2072	127	130
2073	127	129
2074	128	130
2075	128	130
2076	128	130
2077	129	129
2078	129	129
2079	130	129
2080	129	130
2081	131	130
2082	131	130
2083	131	130
2084	132	130
2085	131	129
2086	131	130
2087	128	130
2088	127	130
2089	127	130
2090	123	130
2091	121	129
2092	118	130
2093	116	130
2094	112	129
2095	109	130
2096	106	130
2097	102	130
2098	99	130
2099	96	130
2100	93	130
2101	91	130
2102	89	130
2103	87	130
2104	86	130
2105	85	130
2106	84	130
2107	84	130
2108	83	130
2109	83	130
2110	83	130
2111	82	129
2112	82	130
2113	81	130
2114	81	130
2115	81	130
2116	81	129
2117	81	130
2118	81	130
2119	80	129
2120	81	130
2121	80	130
2122	80	130
2123	80	130
2124	80	130
2125	80	129
2126	80	130
2127	80	129
2128	80	130
2129	79	129
2130	79	130
2131	79	129
2132	79	129
2133	79	130
2134	80	129
2135	79	129
2136	79	130
2137	79	130
2138	79	129
2139	79	130
2140	79	129
2141	79	130
2142	79	130
2143	79	129
2144	79	130
2145	79	129
2146	79	130
2147	79	129
2148	79	130
2149	79	130
2150	79	129
2151	79	129
2152	79	130
2153	79	129
2154	79	130
2155	79	130
2156	79	130
2157	79	130
2158	79	129
2159	79	130
2160	79	130
2161	79	129
2162	79	130
2163	79	130
2164	79	130
2165	79	130
2166	79	130
2167	79	130
2168	79	130
2169	79	130
2170	79	130
2171	79	130
2172	79	130
2173	79	129
2174	79	130
2175	79	130
2176	79	130
2177	79	130
2178	79	130
2179	79	130
2180	79	129
2181	79	130
2182	79	130
2183	79	130
2184	79	130
2185	79	130
2186	79	130
2187	79	130
2188	79	130
2189	79	130
2190	79	129
2191	79	130
2192	79	130
2193	79	130
2194	79	130
2195	78	129
2196	79	130
2197	80	130
2198	78	130
2199	79	130
2200	79	129
2201	79	130
2202	79	130
2203	79	130
2204	79	130
2205	79	130
2206	79	130
2207	79	130
2208	79	130
2209	79	130
2210	79	130
2211	79	129
2212	79	130
2213	79	130
2214	79	130
2215	79	130
2216	79	130
2217	79	129
2218	79	130
2219	79	130
2220	79	130
2221	79	130
2222	79	129
2223	79	130
2224	79	130
2225	79	130
2226	79	130
2227	78	130
2228	79	129
2229	79	130
2230	79	130
2231	79	130
2232	79	129
2233	79	129
2234	79	130
2235	79	129
2236	79	129
2237	79	129
2238	79	130
2239	79	130
2240	79	130
2241	79	130
2242	79	130
2243	79	130
2244	79	129
2245	79	129
2246	79	130
2247	79	130
2248	79	130
2249	79	130
2250	79	130
2251	79	130
2252	79	130
2253	79	130
2254	79	130
2255	79	129
2256	79	130
2257	79	130
2258	79	130
2259	79	129
2260	79	129
2261	79	130
2262	79	130
2263	79	130
2264	79	130
2265	79	130
2266	79	129
2267	79	129
2268	79	130
2269	79	129
2270	79	130
2271	79	130
2272	79	129
2273	79	130
2274	79	130
2275	79	130
2276	79	129
2277	79	130
2278	79	129
2279	79	129
2280	79	130
2281	79	129
2282	79	129
2283	79	129
2284	79	129
2285	79	130
2286	78	129
2287	79	129
2288	79	129
2289	79	130
2290	79	129
2291	79	129
2292	79	130
2293	79	129
2294	79	129
2295	79	130
2296	79	129
2297	79	130
2298	79	129
2299	79	129
2300	79	130
2301	79	129
2302	79	129
2303	78	130
2304	79	130
2305	79	130
2306	79	130
2307	78	130
2308	79	130
2309	79	130
2310	78	130
2311	79	130
2312	79	129
2313	79	130
2314	79	129
2315	79	129
2316	79	130
2317	79	129
2318	79	130
2319	79	130
2320	78	129
2321	79	129
2322	79	129
2323	79	130
2324	79	130
2325	79	129
2326	79	130
2327	79	130
2328	79	129
2329	79	129
2330	79	130
2331	79	129
2332	79	129
2333	79	130
2334	79	130
2335	78	130
2336	79	130
2337	78	130
2338	79	129
2339	79	130
2340	79	129
2341	77	129
2342	79	129
2343	79	129
2344	79	130
2345	79	130
2346	79	129
2347	79	129
2348	78	130
2349	79	130
2350	79	130
2351	79	130
2352	78	130
2353	78	130
2354	78	129
2355	78	130
2356	78	130
2357	78	130
2358	79	130
2359	79	129
2360	79	130
2361	80	130
2362	79	129
2363	80	129
2364	80	129
2365	80	130
2366	80	130
2367	79	129
2368	80	129
2369	80	130
2370	79	129
2371	80	130
2372	80	129
2373	80	130
2374	80	130
2375	79	129
2376	79	130
2377	79	129
2378	79	130
2379	79	129
2380	79	130
2381	79	129
2382	79	130
2383	79	129
2384	79	130
2385	79	130
2386	79	130
2387	79	130
2388	79	130
2389	79	130
2390	79	130
2391	79	130
2392	79	130
2393	79	130
2394	79	130
2395	79	130
2396	78	130
2397	79	129
2398	78	130
2399	78	130
2400	78	129
2401	79	130
2402	78	129
2403	79	130
2404	79	130
2405	79	130
2406	79	130
2407	78	130
2408	79	130
2409	79	130
2410	79	130
2411	78	130
2412	79	130
2413	79	130
2414	79	130
2415	79	130
2416	79	130
2417	79	130
2418	79	129
2419	79	130
2420	79	130
2421	79	130
2422	79	130
2423	79	130
2424	79	130
2425	79	130
2426	79	129
2427	79	129
2428	79	129
2429	79	130
2430	79	130
2431	79	130
2432	79	130
2433	79	130
2434	79	130
2435	79	130
2436	79	130
2437	79	130
2438	79	130
2439	79	130
2440	79	130
2441	79	130
2442	79	130
2443	79	130
2444	79	130
2445	79	130
2446	79	130
2447	79	130
2448	79	130
2449	79	130
2450	79	130
2451	79	130
2452	79	130
2453	79	130
2454	79	130
2455	79	130
2456	79	130
2457	79	130
2458	79	130
2459	79	129
2460	79	129
2461	79	130
2462	79	130
2463	79	130
2464	79	130
2465	79	129
2466	79	130
2467	79	130
2468	79	130
2469	79	130
2470	79	130
2471	79	130
2472	79	130
2473	79	130
2474	79	130
2475	79	129
2476	79	130
2477	79	130
2478	79	129
2479	79	130
2480	79	129
2481	79	130
2482	79	130
2483	79	130
2484	78	130
2485	79	130
2486	79	130
2487	79	130
2488	79	130
2489	79	130
2490	79	130
2491	79	130
2492	79	130
2493	79	130
2494	79	130
2495	79	129
2496	79	130
2497	79	130
2498	79	130
2499	79	130
2500	79	130
2501	79	129
2502	79	130
2503	79	130
2504	79	130
2505	79	130
2506	79	130
2507	79	130
2508	79	130
2509	79	130
2510	79	129
2511	80	130
2512	81	129
2513	83	130
2514	88	130
2515	144	130
2516	255	130
2517	255	129
2518	255	130
2519	255	130
2520	213	129
2521	216	129
2522	154	130
2523	147	130
2524	136	130
2525	112	130
2526	115	130
2527	107	130
2528	99	130
2529	99	130
2530	97	129
2531	93	130
2532	91	130
2533	90	130
2534	90	130
2535	89	130
2536	89	130
2537	89	130
2538	88	130
2539	88	129
2540	88	130
2541	89	130
2542	90	130
2543	91	130
2544	93	130
2545	95	129
2546	98	130
2547	101	130
2548	105	130
2549	111	130
2550	117	129
2551	124	130
2552	133	130
2553	143	130
2554	153	129
2555	164	130
2556	175	129
2557	184	129
2558	191	129
2559	195	130
2560	196	130
2561	193	129
2562	187	130
2563	179	130
2564	170	130
2565	161	130
2566	151	130
2567	143	130
2568	136	129
2569	129	130
2570	123	130
2571	119	130
2572	114	130
2573	111	130
2574	108	130
2575	106	130
2576	104	129
2577	103	129
2578	101	129
2579	101	130
2580	100	130
2581	100	130
2582	100	130
2583	100	129
2584	101	130
2585	102	129
2586	103	130
2587	105	130
2588	107	129
2589	109	129
2590	112	130
2591	116	130
2592	119	130
2593	124	129
2594	129	129
2595	134	130
2596	139	130
2597	145	130
2598	151	129
2599	155	130
2600	160	129
2601	163	130
2602	165	130
2603	166	129
2604	165	130
2605	163	130
2606	160	130
2607	156	130
2608	152	130
2609	147	130
2610	142	129
2611	137	130
2612	132	130
2613	128	130
2614	124	130
2615	121	130
2616	118	130
2617	115	130
2618	113	130
2619	112	130
2620	110	130
2621	109	130
2622	108	129
2623	107	130
2624	107	130
2625	106	130
2626	107	130
2627	107	130
2628	108	130
2629	109	130
2630	110	130
2631	111	130
2632	113	129
2633	116	130
2634	117	130
2635	120	130
2636	123	129
2637	126	129
2638	129	130
2639	133	130
2640	136	130
2641	139	130
2642	142	130
2643	145	130
2644	147	130
2645	148	130
2646	149	130
2647	148	130
2648	147	129
2649	145	129
2650	143	130
2651	141	130
2652	138	130
2653	135	130
2654	133	130
2655	130	130
2656	127	129
2657	125	129
2658	123	130
2659	121	130
2660	120	129
2661	118	129
2662	117	130
2663	116	130
2664	116	129
2665	116	130
2666	115	130
2667	116	130
2668	116	130
2669	116	130
2670	117	129
2671	118	130
2672	119	130
2673	120	130
2674	122	130
2675	123	129
2676	125	130
2677	127	130
2678	129	130
2679	131	129
2680	133	130
2681	135	130
2682	136	130
2683	137	129
2684	139	129
2685	140	130
2686	140	129
2687	141	129
2688	141	129
2689	140	129
2690	140	129
2691	139	129
2692	137	129
2693	136	129
2694	135	130
2695	133	130
2696	131	129
2697	130	129
2698	128	129
2699	127	130
2700	125	130
2701	124	130
2702	123	130
2703	122	129
2704	121	130
2705	120	130
2706	119	129
2707	119	129
2708	119	129
2709	119	130
2710	119	130
2711	119	130
2712	120	130
2713	121	130
2714	122	130
2715	123	130
2716	124	129
2717	125	130
2718	126	130
2719	128	129
2720	129	130
2721	131	130
2722	132	130
2723	134	130
2724	135	130
2725	137	130
2726	138	129
2727	139	129
2728	139	130
2729	140	129
2730	140	130
2731	140	129
2732	140	130
2733	139	129
2734	138	130
2735	138	130
2736	137	129
2737	136	130
2738	134	130
2739	133	130
2740	132	130
2741	131	129
2742	129	129
2743	128	130
2744	127	130
2745	127	129
2746	126	129
2747	125	129
2748	125	129
2749	124	130
2750	124	130
2751	124	130
2752	124	130
2753	124	129
2754	124	130
2755	125	129
2756	125	129
2757	126	130
2758	127	130
2759	127	130
2760	128	130
2761	129	130
2762	130	129
2763	131	130
2764	131	130
2765	133	130
2766	133	130
2767	133	130
2768	134	130
2769	134	130
2770	135	129
2771	134	130
2772	135	130
2773	134	130
2774	134	129
2775	134	130
2776	133	129
2777	132	129
2778	131	130
2779	131	130
2780	130	129
2781	129	130
2782	129	130
2783	128	130
2784	127	130
2785	127	130
2786	126	130
2787	126	130
2788	125	130
2789	125	130
2790	125	129
2791	125	130
2792	125	130
2793	125	130
2794	125	130
2795	126	129
2796	126	129
2797	126	130
2798	127	130
2799	127	130
2800	128	130
2801	129	130
2802	130	129
2803	130	130
2804	131	130
2805	132	130
2806	132	130
2807	133	130
2808	134	130
2809	134	130
2810	135	130
2811	135	130
2812	135	130
2813	135	130
2814	135	130
2815	135	130
2816	135	130
2817	135	130
2818	134	130
2819	133	130
2820	133	130
2821	132	130
2822	132	130
2823	131	130
2824	131	130
2825	130	130
2826	129	130
2827	129	130
2828	129	130
2829	128	130
2830	128	130
2831	127	130
2832	127	130
2833	127	130
2834	127	130
2835	127	130
2836	127	130
2837	127	130
2838	127	129
2839	127	130
2840	127	130
2841	127	130
2842	127	130
2843	128	130
2844	127	129
2845	127	130
2846	128	130
2847	127	130
2848	128	130
2849	129	130
2850	129	130
2851	129	129
2852	129	130
2853	130	130
2854	130	129
2855	131	130
2856	131	129
2857	131	130
2858	132	129
2859	132	130
2860	132	130
2861	132	129
2862	132	129
2863	132	129
2864	132	130
2865	131	129
2866	131	129
2867	131	130
2868	130	129
2869	130	129
2870	130	129
2871	129	130
2872	129	129
2873	129	130
2874	129	129
2875	128	129
2876	129	130
2877	129	129
2878	129	130
2879	129	130
2880	130	130
2881	130	130
2882	130	129
2883	131	130
2884	131	130
2885	132	129
2886	133	129
2887	133	129
2888	133	129
2889	134	130
2890	134	130
2891	134	130
2892	135	129
2893	135	130
2894	135	129
2895	135	129
2896	135	130
2897	135	129
2898	135	130
2899	134	129
2900	134	130
2901	134	129
2902	133	130
2903	133	130
2904	132	129
2905	132	130
2906	132	130
2907	131	130
2908	131	130
2909	130	130
2910	130	129
2911	130	129
2912	129	129
2913	129	130
2914	129	130
2915	129	130
2916	129	130
2917	128	130
2918	129	129
2919	129	130
2920	128	129
2921	129	129
2922	129	130
2923	128	130
2924	129	129
2925	129	130
2926	129	129
2927	129	130
2928	129	130
2929	129	130
2930	130	130
2931	130	130
2932	130	130
2933	130	129
2934	130	130
2935	130	130
2936	131	130
2937	131	130
2938	131	130
2939	131	130
2940	131	130
2941	131	129
2942	131	129
2943	131	130
2944	131	130
2945	131	129
2946	131	130
2947	131	130
2948	131	129
2949	131	130
2950	130	130
2951	132	130
2952	130	130
2953	131	130
2954	131	130
2955	130	130
2956	130	130
2957	130	130
2958	129	130
2959	130	130
2960	129	130
2961	129	130
2962	129	130
2963	129	130
2964	129	129
2965	129	129
2966	129	130
2967	129	130
2968	129	130
2969	129	130
2970	130	130
2971	130	130
2972	130	129
2973	130	130
2974	130	130
2975	131	130
2976	131	130
2977	131	130
2978	131	130
2979	131	130
2980	131	130
2981	131	130
2982	132	130
2983	131	130
2984	132	129
2985	132	130
2986	131	129
2987	132	130
2988	132	130
2989	132	130
2990	132	130
2991	132	130
2992	131	130
2993	132	130
2994	132	129
2995	132	130
2996	131	129
2997	131	130
2998	131	130
2999	130	130
3000	130	130
3001	130	130
3002	130	130
3003	129	130
3004	129	130
3005	129	130
3006	129	129
3007	129	130
3008	128	130
3009	128	130
3010	128	130
3011	128	130
3012	128	130
3013	128	130
3014	128	130
3015	128	130
3016	128	130
3017	128	129
3018	128	130
3019	128	130
3020	129	130
3021	129	130
3022	129	130
3023	129	130
3024	129	130
3025	129	130
3026	129	129
3027	129	130
3028	130	130
3029	130	130
3030	130	129
3031	131	130
3032	131	130
3033	131	130
3034	131	130
3035	131	130
3036	131	130
3037	131	130
3038	131	130
3039	131	130
3040	131	130
3041	131	130
3042	131	130
3043	130	130
3044	130	129
3045	130	129
3046	130	130
3047	130	130
3048	130	129
3049	129	130
3050	129	130
3051	129	130
3052	129	130
3053	129	130
3054	129	129
3055	129	129
3056	128	130
3057	128	130
3058	127	130
3059	129	129
3060	128	130
3061	128	130
3062	128	130
3063	128	130
3064	128	130
3065	129	130
3066	129	130
3067	129	130
3068	129	130
3069	129	129
3070	130	130
3071	130	130
3072	130	130
3073	131	130
3074	131	130
3075	131	130
3076	131	130
3077	131	130
3078	131	130
3079	132	130
3080	131	130
3081	131	130
3082	132	130
3083	131	130
3084	131	130
3085	131	130
3086	130	129
3087	130	130
3088	130	130
3089	129	130
3090	129	129
3091	129	130
3092	128	130
3093	128	130
3094	127	130
3095	127	130
3096	127	130
3097	127	130
3098	127	130
3099	127	130
3100	127	130
3101	127	130
3102	127	130
3103	127	129
3104	128	130
3105	127	130
3106	128	130
3107	128	130
3108	128	130
3109	128	130
3110	129	130
3111	129	130
3112	129	130
3113	130	130
3114	130	130
3115	130	129
3116	131	130
3117	131	130
3118	131	130
3119	131	130
3120	131	130
3121	131	130
3122	131	130
3123	131	130
3124	131	130
3125	131	130
3126	131	130
3127	131	130
3128	131	130
3129	131	130
3130	130	130
3131	130	129
3132	129	130
3133	130	130
3134	128	130
3135	129	130
3136	129	130
3137	129	130
3138	129	130
3139	127	129
3140	126	130
3141	125	130
3142	123	130
3143	121	130
3144	119	130
3145	116	130
3146	114	129
3147	111	130
3148	108	130
3149	105	130
3150	103	130
3151	99	130
3152	97	129
3153	94	130
3154	92	130
3155	89	130
3156	88	130
3157	86	130
3158	86	130
3159	85	129
3160	84	130
3161	83	129
3162	83	130
3163	82	130
3164	82	130
3165	82	130
3166	81	130
3167	81	130
3168	80	130
3169	80	130
3170	81	130
3171	80	130
3172	80	130
3173	80	129
3174	80	129
3175	80	130
3176	80	130
3177	80	129
3178	80	130
3179	80	130
3180	80	129
3181	80	130
3182	80	130
3183	80	129
3184	79	130
3185	79	129
3186	79	129
3187	80	130
3188	79	130
3189	79	130
3190	79	130
3191	79	130
3192	79	130
3193	79	129
3194	79	130
3195	79	129
3196	79	129
3197	79	130
3198	79	130
3199	79	130
3200	79	129
3201	79	130
3202	79	130
3203	79	130
3204	79	130
3205	79	130
3206	79	130
3207	79	129
3208	79	130
3209	79	130
3210	79	130
3211	79	129
3212	79	130
3213	79	130
3214	79	129
3215	79	130
3216	79	130
3217	79	130
3218	79	130
3219	79	130
3220	79	130
3221	79	129
3222	79	130
3223	79	130
3224	79	129
3225	79	130
3226	79	129
3227	79	129
3228	79	129
3229	79	130
3230	79	130
3231	79	129
3232	79	129
3233	79	129
3234	79	130
3235	79	129
3236	79	130
3237	79	130
3238	79	130
3239	79	130
3240	79	129
3241	79	130
3242	79	130
3243	79	130
3244	79	130
3245	79	130
3246	79	130
3247	79	130
3248	79	130
3249	79	130
3250	79	130
3251	79	129
3252	79	130
3253	79	129
3254	79	130
3255	79	130
3256	79	130
3257	79	130
3258	79	129
3259	79	130
3260	78	130
3261	79	130
3262	79	129
3263	79	130
3264	79	130
3265	79	130
3266	79	130
3267	79	130
3268	79	130
3269	79	130
3270	79	129
3271	79	130
3272	79	129
3273	79	130
3274	79	130
3275	79	130
3276	78	130
3277	79	130
3278	79	130
3279	79	130
3280	78	130
3281	79	130
3282	79	130
3283	79	129
3284	79	130
3285	79	130
3286	79	129
3287	79	130
3288	79	130
3289	79	129
3290	79	129
3291	79	130
3292	79	130
3293	79	129
3294	79	129
3295	79	129
3296	79	130
3297	79	130
3298	79	129
3299	79	130
3300	79	130
3301	79	130
3302	79	130
3303	79	130
3304	79	129
3305	79	130
3306	79	130
3307	79	130
3308	79	130
3309	79	129
3310	79	130
3311	79	130
3312	79	130
3313	79	129
3314	79	130
3315	79	130
3316	79	130
3317	79	130
3318	79	130
3319	79	130
3320	79	130
3321	79	130
3322	79	130
3323	79	130
3324	79	130
3325	79	130
3326	79	130
3327	79	130
3328	79	130
3329	79	130
3330	79	130
3331	79	130
3332	79	130
3333	79	130
3334	79	130
3335	79	130
3336	79	130
3337	79	129
3338	79	130
3339	79	130
3340	79	130
3341	79	130
3342	79	129
3343	79	129
3344	79	130
3345	79	130
3346	79	129
3347	79	130
3348	79	130
3349	79	129
3350	79	130
3351	79	130
3352	79	130
3353	79	130
3354	79	129
3355	79	130
3356	79	130
3357	79	130
3358	79	130
3359	79	130
3360	79	130
3361	79	130
3362	79	129
3363	79	129
3364	79	130
3365	79	129
3366	79	130
3367	79	130
3368	79	130
3369	79	130
3370	79	130
3371	79	130
3372	79	130
3373	79	130
3374	79	130
3375	79	130
3376	79	129
3377	79	130
3378	79	130
3379	79	130
3380	79	130
3381	78	129
3382	79	130
3383	78	130
3384	78	130
3385	79	129
3386	79	130
3387	79	130
3388	79	130
3389	79	130
3390	79	129
3391	79	130
3392	79	129
3393	79	130
3394	79	130
3395	78	130
3396	79	129
3397	79	130
3398	79	130
3399	79	130
3400	79	130
3401	79	130
3402	78	130
3403	79	130
3404	79	130
3405	79	130
3406	78	130
3407	78	129
3408	78	130
3409	78	129
3410	79	130
3411	79	129
3412	79	130
3413	79	130
3414	80	130
3415	79	130
3416	80	130
3417	80	130
3418	80	129
3419	80	130
3420	80	130
3421	80	130
3422	80	130
3423	79	129
3424	79	130
3425	79	130
3426	80	130
3427	80	130
3428	80	130
3429	79	130
3430	79	129
3431	79	130
3432	79	129
3433	79	130
3434	79	129
3435	79	130
3436	79	130
3437	79	130
3438	79	129
3439	79	130
3440	79	130
3441	79	129
3442	78	129
3443	79	129
3444	78	130
3445	79	129
3446	79	129
3447	78	129
3448	78	130
3449	79	130
3450	78	129
3451	78	129
3452	78	130
3453	79	129
3454	78	130
3455	78	129
3456	78	130
3457	79	130
3458	79	129
3459	79	130
3460	79	130
3461	79	129
3462	79	130
3463	79	129
3464	78	130
3465	78	130
3466	79	130
3467	79	130
3468	79	130
3469	79	130
3470	79	130
3471	79	129
3472	79	129
3473	79	130
3474	79	130
3475	79	129
3476	79	130
3477	79	130
3478	79	129
3479	79	130
3480	79	129
3481	79	130
3482	79	129
3483	79	129
3484	79	130
3485	79	130
3486	79	130
3487	79	129
3488	79	130
3489	78	130
3490	79	130
3491	78	130
3492	79	130
3493	79	130
3494	79	129
3495	79	129
3496	78	129
3497	79	130
3498	79	130
3499	79	130
3500	79	130
3501	79	130
3502	79	130
3503	79	130
3504	79	130
3505	79	130
3506	79	130
3507	79	129
3508	79	130
3509	79	130
3510	79	129
3511	79	130
3512	79	130
3513	79	129
3514	79	130
3515	79	129
3516	79	130
3517	79	129
3518	79	130
3519	79	129
3520	79	129
3521	79	130
3522	79	130
3523	79	130
3524	79	130
3525	79	130
3526	79	130
3527	79	130
3528	79	130
3529	79	130
3530	79	130
3531	78	130
3532	79	129
3533	79	130
3534	79	130
3535	79	129
3536	79	129
3537	79	130
3538	79	130
3539	79	130
3540	79	130
3541	79	130
3542	79	129
3543	79	130
3544	79	130
3545	79	130
3546	79	130
3547	79	130
3548	79	130
3549	79	129
3550	79	130
3551	79	130
3552	79	129
3553	79	130
3554	79	130
3555	79	130
3556	79	130
3557	79	130
3558	79	130
3559	79	130
3560	79	130
3561	79	130
3562	79	130
3563	79	129
3564	80	130
3565	80	130
3566	82	130
3567	86	130
3568	106	129
3569	230	129
3570	255	130
3571	255	130
3572	255	130
3573	244	130
3574	223	130
3575	185	130
3576	139	130
3577	146	130
3578	116	130
3579	108	130
3580	109	130
3581	99	130
3582	95	130
3583	94	129
3584	92	130
3585	89	129
3586	88	130
3587	87	130
3588	87	130
3589	86	130
3590	86	129
3591	86	130
3592	85	129
3593	85	130
3594	86	130
3595	86	130
3596	86	129
3597	86	130
3598	88	129
3599	89	130
3600	93	130
3601	97	130
3602	101	130
3603	106	130
3604	113	130
3605	123	130
3606	133	129
3607	146	129
3608	161	130
3609	177	130
3610	193	129
3611	207	129
3612	219	130
3613	224	130
3614	224	130
3615	218	130
3616	208	130
3617	195	130
3618	182	130
3619	168	130
3620	156	130
3621	145	130
3622	135	129
3623	128	130
3624	121	129
3625	115	130
3626	111	130
3627	107	130
3628	104	130
3629	102	130
3630	100	130
3631	98	130
3632	97	129
3633	97	130
3634	96	130
3635	96	129
3636	96	130
3637	96	130
3638	96	130
3639	97	130
3640	99	130
3641	100	130
3642	102	130
3643	105	130
3644	107	130
3645	111	129
3646	115	129
3647	120	130
3648	126	130
3649	132	130
3650	139	130
3651	146	130
3652	153	130
3653	160	130
3654	166	130
3655	170	130
3656	173	130
3657	174	130
3658	170	130
3659	159	130
3660	151	130
3661	149	130
3662	145	130
3663	143	130
3664	141	130
3665	138	130
3666	136	130
3667	134	130
3668	132	129
3669	131	130
3670	129	130
3671	128	130
3672	127	130
3673	127	130
3674	126	130
3675	126	130
3676	126	130
3677	126	130
3678	127	130
3679	127	129
3680	128	130
3681	129	130
3682	130	130
3683	130	130
3684	132	130
3685	133	130
3686	133	130
3687	134	130
3688	134	130
3689	134	129
3690	134	130
3691	134	130
3692	134	130
3693	134	129
3694	133	130
3695	133	130
3696	133	130
3697	132	130
3698	131	129
3699	131	130
3700	131	130
3701	130	129
3702	129	130
3703	128	130
3704	128	130
3705	128	130
3706	128	129
3707	127	129
3708	128	130
3709	127	129
3710	128	129
3711	128	129
3712	127	129
3713	128	130
3714	128	130
3715	129	130
3716	128	130
3717	129	130
3718	129	130
3719	129	130
3720	129	129
3721	129	130
3722	130	129
3723	130	130
3724	131	129
3725	130	129
3726	130	130
3727	131	130
3728	130	130
3729	131	130
3730	131	130
3731	131	130
3732	131	130
3733	132	129
3734	132	130
3735	133	130
3736	133	130
3737	132	130
3738	132	130
3739	131	130
3740	130	130
3741	130	130
3742	128	130
3743	128	130
3744	128	130
3745	127	130
3746	127	130
3747	127	130
3748	127	129
3749	127	130
3750	128	130
3751	129	130
3752	129	129
3753	130	130
3754	130	129
3755	130	130
3756	131	130
3757	131	129
3758	131	130
3759	131	130
3760	131	130
3761	130	130
3762	130	129
3763	130	130
3764	130	129
3765	130	130
3766	129	130
3767	129	130
3768	130	130
3769	130	130
3770	130	130
3771	131	129
3772	131	130
3773	131	130
3774	131	130
3775	131	130
3776	131	130
3777	132	130
3778	133	129
3779	133	129
3780	134	130
3781	135	130
3782	135	130
3783	136	130
3784	137	130
3785	137	130
3786	138	130
3787	138	129
3788	139	130
3789	139	130
3790	139	130
3791	139	130
3792	139	130
3793	138	130
3794	137	130
3795	136	130
3796	135	130
3797	135	130
3798	134	130
3799	133	130
3800	132	130
3801	131	130
3802	131	130
3803	131	130
3804	130	130
3805	130	130
3806	130	130
3807	130	130
3808	130	130
3809	130	130
3810	130	130
3811	131	130
3812	131	129
3813	131	130
3814	131	130
3815	132	130
3816	133	129
3817	132	130
3818	133	129
3819	133	130
3820	133	130
3821	134	130
3822	134	130
3823	135	129
3824	134	130
3825	135	130
3826	135	130
3827	135	130
3828	135	130
3829	135	130
3830	135	130
3831	134	130
3832	135	129
3833	134	130
3834	134	130
3835	134	130
3836	134	130
3837	133	130
3838	134	130
3839	133	130
3840	133	129
3841	133	130
3842	133	130
3843	132	130
3844	132	130
3845	132	130
3846	132	130
3847	131	130
3848	132	130
3849	132	130
3850	132	130
3851	132	130
3852	131	130
3853	132	130
3854	132	130
3855	132	130
3856	132	129
3857	132	130
3858	132	130
3859	132	130
3860	132	130
3861	132	130
3862	132	129
3863	132	130
3864	132	130
3865	132	130
3866	132	129
3867	132	129
3868	132	129
3869	132	130
3870	132	130
3871	132	130
3872	131	130
3873	132	130
3874	132	130
3875	132	129
3876	132	130
3877	131	130
3878	131	129
3879	131	130
3880	131	130
3881	131	130
3882	131	129
3883	131	130
3884	131	130
3885	131	130
3886	131	130
3887	131	130
3888	131	130
3889	131	130
3890	130	129
3891	130	130
3892	130	130
3893	130	130
3894	130	130
3895	130	130
3896	130	129
3897	130	130
3898	130	130
3899	130	129
3900	131	130
3901	131	130
3902	131	130
3903	131	130
3904	131	130
3905	131	130
3906	131	130
3907	131	130
3908	131	130
3909	131	129
3910	131	130
3911	131	130
3912	131	130
3913	131	130
3914	131	129
3915	131	130
3916	131	130
3917	131	130
3918	130	130
3919	130	129
3920	130	130
3921	130	130
3922	129	130
3923	129	130
3924	130	130
3925	129	130
3926	129	130
3927	129	130
3928	128	130
3929	128	130
3930	128	130
3931	128	130
3932	128	130
3933	128	130
3934	128	130
3935	128	130
3936	128	130
3937	128	130
3938	128	130
3939	129	130
3940	129	130
3941	129	130
3942	129	130
3943	130	130
3944	131	130
3945	130	130
3946	131	130
3947	131	129
3948	131	130
3949	132	130
3950	132	130
3951	132	129
3952	132	130
3953	132	130
3954	133	130
3955	132	129
3956	132	130
3957	132	129
3958	131	130
3959	131	130
3960	131	130
3961	130	130
3962	130	130
3963	129	129
3964	129	129
3965	129	129
3966	128	130
3967	128	130
3968	127	129
3969	127	130
3970	127	129
3971	127	129
3972	127	130
3973	127	130
3974	127	129
3975	127	130
3976	127	130
3977	127	130
3978	127	130
3979	128	130
3980	128	130
3981	129	129
3982	130	129
3983	130	129
3984	131	130
3985	131	130
3986	132	130
3987	133	130
3988	134	130
3989	134	130
3990	135	130
3991	135	129
3992	135	130
3993	136	129
3994	135	130
3995	135	130
3996	135	130
3997	135	129
3998	134	130
3999	134	130
4000	134	130
4001	133	129
4002	133	130
4003	132	129
4004	131	129
4005	131	129
4006	131	130
4007	130	130
4008	130	130
4009	130	130
4010	130	130
4011	130	130
4012	130	130
4013	130	129
4014	130	130
4015	130	129
4016	130	129
4017	130	130
4018	131	129
4019	131	129
4020	131	130
4021	131	130
4022	131	129
4023	131	129
4024	132	129
4025	132	130
4026	131	130
4027	132	130
4028	132	130
4029	132	130
4030	131	129
4031	131	130
4032	132	130
4033	131	130
4034	131	129
4035	131	130
4036	131	130
4037	131	130
4038	131	130
4039	131	130
4040	130	130
4041	130	130
4042	130	130
4043	129	129
4044	130	130
4045	130	130
4046	129	130
4047	129	130
4048	129	130
4049	129	130
4050	129	130
4051	129	130
4052	130	130
4053	129	130
4054	130	130
4055	130	130
4056	130	129
4057	130	129
4058	130	130
4059	130	130
4060	130	130
4061	130	130
4062	131	130
4063	131	130
4064	131	130
4065	131	129
4066	131	130
4067	131	130
4068	131	130
4069	131	129
4070	131	130
4071	132	129
4072	132	129
4073	132	130
4074	132	130
4075	132	130
4076	132	130
4077	132	130
4078	132	130
4079	132	130
4080	132	130
4081	132	130
4082	132	130
4083	132	129
4084	132	129
4085	131	129
4086	131	130
4087	131	130
4088	131	129
4089	131	129
4090	131	130
4091	131	130
4092	131	130
4093	130	130
4094	130	130
4095	130	130
